0
0.0018
0.0036
0.0054
0.0072
0.009
0.0108
0.0126
0.0144
0.0162
0.018
0.0198
0.0216
0.0234
0.0252
0.027
0.0288
0.0306
0.0324
0.0342
0.036
0.0378
0.0396
0.0414
0.0432
0.045
0.0468
0.0486
0.0504
0.0522
0.054
0.0558
0.0576
0.0594
0.0612
0.063
0.0648
0.0666
0.0684
0.0702
0.072
0.0738
0.0756
0.0774
0.0792
0.081
0.0828
0.0846
0.0864
0.0882
0.09
0.0918
0.0936
0.0954
0.0972
0.099
0.1008
0.1026
0.1044
0.1062
0.108
0.1098
0.1116
0.1134
0.1152
0.117
0.1188
0.1206
0.1224
0.1242
0.126
0.1278
0.1296
0.1314
0.1332
0.135
0.1368
0.1386
0.1404
0.1422
0.144
0.1458
0.1476
0.1494
0.1512
0.153
0.1548
0.1566
0.1584
0.1602
0.162
0.1638
0.1656
0.1674
0.1692
0.171
0.1728
0.1746
0.1764
0.1782
0.18
0.1818
0.1836
0.1854
0.1872
0.189
0.1908
0.1926
0.1944
0.1962
0.198
0.1998
0.2016
0.2034
0.2052
0.207
0.2088
0.2106
0.2124
0.2142
0.216
0.2178
0.2196
0.2214
0.2232
0.225
0.2268
0.2286
0.2304
0.2322
0.234
0.2358
0.2376
0.2394
0.2412
0.243
0.2448
0.2466
0.2484
0.2502
0.252
0.2538
0.2556
0.2574
0.2592
0.261
0.2628
0.2646
0.2664
0.2682
0.27
0.2718
0.2736
0.2754
0.2772
0.279
0.2808
0.2826
0.2844
0.2862
0.288
0.2898
0.2916
0.2934
0.2952
0.297
0.2988
0.3006
0.3024
0.3042
0.306
0.3078
0.3096
0.3114
0.3132
0.315
0.3168
0.3186
0.3204
0.3222
0.324
0.3258
0.3276
0.3294
0.3312
0.333
0.3348
0.3366
0.3384
0.3402
0.342
0.3438
0.3456
0.3474
0.3492
0.351
0.3528
0.3546
0.3564
0.3582
0.36
0.3618
0.3636
0.3654
0.3672
0.369
0.3708
0.3726
0.3744
0.3762
0.378
0.3798
0.3816
0.3834
0.3852
0.387
0.3888
0.3906
0.3924
0.3942
0.396
0.3978
0.3996
0.4014
0.4032
0.405
0.4068
0.4086
0.4104
0.4122
0.414
0.4158
0.4176
0.4194
0.4212
0.423
0.4248
0.4266
0.4284
0.4302
0.432
0.4338
0.4356
0.4374
0.4392
0.441
0.4428
0.4446
0.4464
0.4482
0.45
0.4518
0.4536
0.4554
0.4572
0.459
0.4608
0.4626
0.4644
0.4662
0.468
0.4698
0.4716
0.4734
0.4752
0.477
0.4788
0.4806
0.4824
0.4842
0.486
0.4878
0.4896
0.4914
0.4932
0.495
0.4968
0.4986
0.5004
0.5022
0.504
0.5058
0.5076
0.5094
0.5112
0.513
0.5148
0.5166
0.5184
0.5202
0.522
0.5238
0.5256
0.5274
0.5292
0.531
0.5328
0.5346
0.5364
0.5382
0.54
0.5418
0.5436
0.5454
0.5472
0.549
0.5508
0.5526
0.5544
0.5562
0.558
0.5598
0.5616
0.5634
0.5652
0.567
0.5688
0.5706
0.5724
0.5742
0.576
0.5778
0.5796
0.5814
0.5832
0.585
0.5868
0.5886
0.5904
0.5922
0.594
0.5958
0.5976
0.5994
0.6012
0.603
0.6048
0.6066
0.6084
0.6102
0.612
0.6138
0.6156
0.6174
0.6192
0.621
0.6228
0.6246
0.6264
0.6282
0.63
0.6318
0.6336
0.6354
0.6372
0.639
0.6408
0.6426
0.6444
0.6462
0.648
0.6498
0.6516
0.6534
0.6552
0.657
0.6588
0.6606
0.6624
0.6642
0.666
0.6678
0.6696
0.6714
0.6732
0.675
0.6768
0.6786
0.6804
0.6822
0.684
0.6858
0.6876
0.6894
0.6912
0.693
0.6948
0.6966
0.6984
0.7002
0.702
0.7038
0.7056
0.7074
0.7092
0.711
0.7128
0.7146
0.7164
0.7182
0.72
0.7218
0.7236
0.7254
0.7272
0.729
0.7308
0.7326
0.7344
0.7362
0.738
0.7398
0.7416
0.7434
0.7452
0.747
0.7488
0.7506
0.7524
0.7542
0.756
0.7578
0.7596
0.7614
0.7632
0.765
0.7668
0.7686
0.7704
0.7722
0.774
0.7758
0.7776
0.7794
0.7812
0.783
0.7848
0.7866
0.7884
0.7902
0.792
0.7938
0.7956
0.7974
0.7992
0.801
0.8028
0.8046
0.8064
0.8082
0.81
0.8118
0.8136
0.8154
0.8172
0.819
0.8208
0.8226
0.8244
0.8262
0.828
0.8298
0.8316
0.8334
0.8352
0.837
0.8388
0.8406
0.8424
0.8442
0.846
0.8478
0.8496
0.8514
0.8532
0.855
0.8568
0.8586
0.8604
0.8622
0.864
0.8658
0.8676
0.8694
0.8712
0.873
0.8748
0.8766
0.8784
0.8802
0.882
0.8838
0.8856
0.8874
0.8892
0.891
0.8928
0.8946
0.8964
0.8982
0.9
0.9018
0.9036
0.9054
0.9072
0.909
0.9108
0.9126
0.9144
0.9162
0.918
0.9198
0.9216
0.9234
0.9252
0.927
0.9288
0.9306
0.9324
0.9342
0.936
0.9378
0.9396
0.9414
0.9432
0.945
0.9468
0.9486
0.9504
0.9522
0.954
0.9558
0.9576
0.9594
0.9612
0.963
0.9648
0.9666
0.9684
0.9702
0.972
0.9738
0.9756
0.9774
0.9792
0.981
0.9828
0.9846
0.9864
0.9882
0.99
0.9918
0.9936
0.9954
0.9972
0.999
1.0008
1.0026
1.0044
1.0062
1.008
1.0098
1.0116
1.0134
1.0152
1.017
1.0188
1.0206
1.0224
1.0242
1.026
1.0278
1.0296
1.0314
1.0332
1.035
1.0368
1.0386
1.0404
1.0422
1.044
1.0458
1.0476
1.0494
1.0512
1.053
1.0548
1.0566
1.0584
1.0602
1.062
1.0638
1.0656
1.0674
1.0692
1.071
1.0728
1.0746
1.0764
1.0782
1.08
1.0818
1.0836
1.0854
1.0872
1.089
1.0908
1.0926
1.0944
1.0962
1.098
1.0998
1.1016
1.1034
1.1052
1.107
1.1088
1.1106
1.1124
1.1142
1.116
1.1178
1.1196
1.1214
1.1232
1.125
1.1268
1.1286
1.1304
1.1322
1.134
1.1358
1.1376
1.1394
1.1412
1.143
1.1448
1.1466
1.1484
1.1502
1.152
1.1538
1.1556
1.1574
1.1592
1.161
1.1628
1.1646
1.1664
1.1682
1.17
1.1718
1.1736
1.1754
1.1772
1.179
1.1808
1.1826
1.1844
1.1862
1.188
1.1898
1.1916
1.1934
1.1952
1.197
1.1988
1.2006
1.2024
1.2042
1.206
1.2078
1.2096
1.2114
1.2132
1.215
1.2168
1.2186
1.2204
1.2222
1.224
1.2258
1.2276
1.2294
1.2312
1.233
1.2348
1.2366
1.2384
1.2402
1.242
1.2438
1.2456
1.2474
1.2492
1.251
1.2528
1.2546
1.2564
1.2582
1.26
1.2618
1.2636
1.2654
1.2672
1.269
1.2708
1.2726
1.2744
1.2762
1.278
1.2798
1.2816
1.2834
1.2852
1.287
1.2888
1.2906
1.2924
1.2942
1.296
1.2978
1.2996
1.3014
1.3032
1.305
1.3068
1.3086
1.3104
1.3122
1.314
1.3158
1.3176
1.3194
1.3212
1.323
1.3248
1.3266
1.3284
1.3302
1.332
1.3338
1.3356
1.3374
1.3392
1.341
1.3428
1.3446
1.3464
1.3482
1.35
1.3518
1.3536
1.3554
1.3572
1.359
1.3608
1.3626
1.3644
1.3662
1.368
1.3698
1.3716
1.3734
1.3752
1.377
1.3788
1.3806
1.3824
1.3842
1.386
1.3878
1.3896
1.3914
1.3932
1.395
1.3968
1.3986
1.4004
1.4022
1.404
1.4058
1.4076
1.4094
1.4112
1.413
1.4148
1.4166
1.4184
1.4202
1.422
1.4238
1.4256
1.4274
1.4292
1.431
1.4328
1.4346
1.4364
1.4382
1.44
1.4418
1.4436
1.4454
1.4472
1.449
1.4508
1.4526
1.4544
1.4562
1.458
1.4598
1.4616
1.4634
1.4652
1.467
1.4688
1.4706
1.4724
1.4742
1.476
1.4778
1.4796
1.4814
1.4832
1.485
1.4868
1.4886
1.4904
1.4922
1.494
1.4958
1.4976
1.4994
1.5012
1.503
1.5048
1.5066
1.5084
1.5102
1.512
1.5138
1.5156
1.5174
1.5192
1.521
1.5228
1.5246
1.5264
1.5282
1.53
1.5318
1.5336
1.5354
1.5372
1.539
1.5408
1.5426
1.5444
1.5462
1.548
1.5498
1.5516
1.5534
1.5552
1.557
1.5588
1.5606
1.5624
1.5642
1.566
1.5678
1.5696
1.5714
1.5732
1.575
1.5768
1.5786
1.5804
1.5822
1.584
1.5858
1.5876
1.5894
1.5912
1.593
1.5948
1.5966
1.5984
1.6002
1.602
1.6038
1.6056
1.6074
1.6092
1.611
1.6128
1.6146
1.6164
1.6182
1.62
1.6218
1.6236
1.6254
1.6272
1.629
1.6308
1.6326
1.6344
1.6362
1.638
1.6398
1.6416
1.6434
1.6452
1.647
1.6488
1.6506
1.6524
1.6542
1.656
1.6578
1.6596
1.6614
1.6632
1.665
1.6668
1.6686
1.6704
1.6722
1.674
1.6758
1.6776
1.6794
1.6812
1.683
1.6848
1.6866
1.6884
1.6902
1.692
1.6938
1.6956
1.6974
1.6992
1.701
1.7028
1.7046
1.7064
1.7082
1.71
1.7118
1.7136
1.7154
1.7172
1.719
1.7208
1.7226
1.7244
1.7262
1.728
1.7298
1.7316
1.7334
1.7352
1.737
1.7388
1.7406
1.7424
1.7442
1.746
1.7478
1.7496
1.7514
1.7532
1.755
1.7568
1.7586
1.7604
1.7622
1.764
1.7658
1.7676
1.7694
1.7712
1.773
1.7748
1.7766
1.7784
1.7802
1.782
1.7838
1.7856
1.7874
1.7892
1.791
1.7928
1.7946
1.7964
1.7982
1.8
1.8018
1.8036
1.8054
1.8072
1.809
1.8108
1.8126
1.8144
1.8162
1.818
1.8198
1.8216
1.8234
1.8252
1.827
1.8288
1.8306
1.8324
1.8342
1.836
1.8378
1.8396
1.8414
1.8432
1.845
1.8468
1.8486
1.8504
1.8522
1.854
1.8558
1.8576
1.8594
1.8612
1.863
1.8648
1.8666
1.8684
1.8702
1.872
1.8738
1.8756
1.8774
1.8792
1.881
1.8828
1.8846
1.8864
1.8882
1.89
1.8918
1.8936
1.8954
1.8972
1.899
1.9008
1.9026
1.9044
1.9062
1.908
1.9098
1.9116
1.9134
1.9152
1.917
1.9188
1.9206
1.9224
1.9242
1.926
1.9278
1.9296
1.9314
1.9332
1.935
1.9368
1.9386
1.9404
1.9422
1.944
1.9458
1.9476
1.9494
1.9512
1.953
1.9548
1.9566
1.9584
1.9602
1.962
1.9638
1.9656
1.9674
1.9692
1.971
1.9728
1.9746
1.9764
1.9782
1.98
1.9818
1.9836
1.9854
1.9872
1.989
1.9908
1.9926
1.9944
1.9962
1.998
1.9998
2.0016
2.0034
2.0052
2.007
2.0088
2.0106
2.0124
2.0142
2.016
2.0178
2.0196
2.0214
2.0232
2.025
2.0268
2.0286
2.0304
2.0322
2.034
2.0358
2.0376
2.0394
2.0412
2.043
2.0448
2.0466
2.0484
2.0502
2.052
2.0538
2.0556
2.0574
2.0592
2.061
2.0628
2.0646
2.0664
2.0682
2.07
2.0718
2.0736
2.0754
2.0772
2.079
2.0808
2.0826
2.0844
2.0862
2.088
2.0898
2.0916
2.0934
2.0952
2.097
2.0988
2.1006
2.1024
2.1042
2.106
2.1078
2.1096
2.1114
2.1132
2.115
2.1168
2.1186
2.1204
2.1222
2.124
2.1258
2.1276
2.1294
2.1312
2.133
2.1348
2.1366
2.1384
2.1402
2.142
2.1438
2.1456
2.1474
2.1492
2.151
2.1528
2.1546
2.1564
2.1582
2.16
2.1618
2.1636
2.1654
2.1672
2.169
2.1708
2.1726
2.1744
2.1762
2.178
2.1798
2.1816
2.1834
2.1852
2.187
2.1888
2.1906
2.1924
2.1942
2.196
2.1978
2.1996
2.2014
2.2032
2.205
2.2068
2.2086
2.2104
2.2122
2.214
2.2158
2.2176
2.2194
2.2212
2.223
2.2248
2.2266
2.2284
2.2302
2.232
2.2338
2.2356
2.2374
2.2392
2.241
2.2428
2.2446
2.2464
2.2482
2.25
2.2518
2.2536
2.2554
2.2572
2.259
2.2608
2.2626
2.2644
2.2662
2.268
2.2698
2.2716
2.2734
2.2752
2.277
2.2788
2.2806
2.2824
2.2842
2.286
2.2878
2.2896
2.2914
2.2932
2.295
2.2968
2.2986
2.3004
2.3022
2.304
2.3058
2.3076
2.3094
2.3112
2.313
2.3148
2.3166
2.3184
2.3202
2.322
2.3238
2.3256
2.3274
2.3292
2.331
2.3328
2.3346
2.3364
2.3382
2.34
2.3418
2.3436
2.3454
2.3472
2.349
2.3508
2.3526
2.3544
2.3562
2.358
2.3598
2.3616
2.3634
2.3652
2.367
2.3688
2.3706
2.3724
2.3742
2.376
2.3778
2.3796
2.3814
2.3832
2.385
2.3868
2.3886
2.3904
2.3922
2.394
2.3958
2.3976
2.3994
2.4012
2.403
2.4048
2.4066
2.4084
2.4102
2.412
2.4138
2.4156
2.4174
2.4192
2.421
2.4228
2.4246
2.4264
2.4282
2.43
2.4318
2.4336
2.4354
2.4372
2.439
2.4408
2.4426
2.4444
2.4462
2.448
2.4498
2.4516
2.4534
2.4552
2.457
2.4588
2.4606
2.4624
2.4642
2.466
2.4678
2.4696
2.4714
2.4732
2.475
2.4768
2.4786
2.4804
2.4822
2.484
2.4858
2.4876
2.4894
2.4912
2.493
2.4948
2.4966
2.4984
2.5002
2.502
2.5038
2.5056
2.5074
2.5092
2.511
2.5128
2.5146
2.5164
2.5182
2.52
2.5218
2.5236
2.5254
2.5272
2.529
2.5308
2.5326
2.5344
2.5362
2.538
2.5398
2.5416
2.5434
2.5452
2.547
2.5488
2.5506
2.5524
2.5542
2.556
2.5578
2.5596
2.5614
2.5632
2.565
2.5668
2.5686
2.5704
2.5722
2.574
2.5758
2.5776
2.5794
2.5812
2.583
2.5848
2.5866
2.5884
2.5902
2.592
2.5938
2.5956
2.5974
2.5992
2.601
2.6028
2.6046
2.6064
2.6082
2.61
2.6118
2.6136
2.6154
2.6172
2.619
2.6208
2.6226
2.6244
2.6262
2.628
2.6298
2.6316
2.6334
2.6352
2.637
2.6388
2.6406
2.6424
2.6442
2.646
2.6478
2.6496
2.6514
2.6532
2.655
2.6568
2.6586
2.6604
2.6622
2.664
2.6658
2.6676
2.6694
2.6712
2.673
2.6748
2.6766
2.6784
2.6802
2.682
2.6838
2.6856
2.6874
2.6892
2.691
2.6928
2.6946
2.6964
2.6982
2.7
2.7018
2.7036
2.7054
2.7072
2.709
2.7108
2.7126
2.7144
2.7162
2.718
2.7198
2.7216
2.7234
2.7252
2.727
2.7288
2.7306
2.7324
2.7342
2.736
2.7378
2.7396
2.7414
2.7432
2.745
2.7468
2.7486
2.7504
2.7522
2.754
2.7558
2.7576
2.7594
2.7612
2.763
2.7648
2.7666
2.7684
2.7702
2.772
2.7738
2.7756
2.7774
2.7792
2.781
2.7828
2.7846
2.7864
2.7882
2.79
2.7918
2.7936
2.7954
2.7972
2.799
2.8008
2.8026
2.8044
2.8062
2.808
2.8098
2.8116
2.8134
2.8152
2.817
2.8188
2.8206
2.8224
2.8242
2.826
2.8278
2.8296
2.8314
2.8332
2.835
2.8368
2.8386
2.8404
2.8422
2.844
2.8458
2.8476
2.8494
2.8512
2.853
2.8548
2.8566
2.8584
2.8602
2.862
2.8638
2.8656
2.8674
2.8692
2.871
2.8728
2.8746
2.8764
2.8782
2.88
2.8818
2.8836
2.8854
2.8872
2.889
2.8908
2.8926
2.8944
2.8962
2.898
2.8998
2.9016
2.9034
2.9052
2.907
2.9088
2.9106
2.9124
2.9142
2.916
2.9178
2.9196
2.9214
2.9232
2.925
2.9268
2.9286
2.9304
2.9322
2.934
2.9358
2.9376
2.9394
2.9412
2.943
2.9448
2.9466
2.9484
2.9502
2.952
2.9538
2.9556
2.9574
2.9592
2.961
2.9628
2.9646
2.9664
2.9682
2.97
2.9718
2.9736
2.9754
2.9772
2.979
2.9808
2.9826
2.9844
2.9862
2.988
2.9898
2.9916
2.9934
2.9952
2.997
2.9988
3.0006
3.0024
3.0042
3.006
3.0078
3.0096
3.0114
3.0132
3.015
3.0168
3.0186
3.0204
3.0222
3.024
3.0258
3.0276
3.0294
3.0312
3.033
3.0348
3.0366
3.0384
3.0402
3.042
3.0438
3.0456
3.0474
3.0492
3.051
3.0528
3.0546
3.0564
3.0582
3.06
3.0618
3.0636
3.0654
3.0672
3.069
3.0708
3.0726
3.0744
3.0762
3.078
3.0798
3.0816
3.0834
3.0852
3.087
3.0888
3.0906
3.0924
3.0942
3.096
3.0978
3.0996
3.1014
3.1032
3.105
3.1068
3.1086
3.1104
3.1122
3.114
3.1158
3.1176
3.1194
3.1212
3.123
3.1248
3.1266
3.1284
3.1302
3.132
3.1338
3.1356
3.1374
3.1392
3.141
3.1428
3.1446
3.1464
3.1482
3.15
3.1518
3.1536
3.1554
3.1572
3.159
3.1608
3.1626
3.1644
3.1662
3.168
3.1698
3.1716
3.1734
3.1752
3.177
3.1788
3.1806
3.1824
3.1842
3.186
3.1878
3.1896
3.1914
3.1932
3.195
3.1968
3.1986
3.2004
3.2022
3.204
3.2058
3.2076
3.2094
3.2112
3.213
3.2148
3.2166
3.2184
3.2202
3.222
3.2238
3.2256
3.2274
3.2292
3.231
3.2328
3.2346
3.2364
3.2382
3.24
3.2418
3.2436
3.2454
3.2472
3.249
3.2508
3.2526
3.2544
3.2562
3.258
3.2598
3.2616
3.2634
3.2652
3.267
3.2688
3.2706
3.2724
3.2742
3.276
3.2778
3.2796
3.2814
3.2832
3.285
3.2868
3.2886
3.2904
3.2922
3.294
3.2958
3.2976
3.2994
3.3012
3.303
3.3048
3.3066
3.3084
3.3102
3.312
3.3138
3.3156
3.3174
3.3192
3.321
3.3228
3.3246
3.3264
3.3282
3.33
3.3318
3.3336
3.3354
3.3372
3.339
3.3408
3.3426
3.3444
3.3462
3.348
3.3498
3.3516
3.3534
3.3552
3.357
3.3588
3.3606
3.3624
3.3642
3.366
3.3678
3.3696
3.3714
3.3732
3.375
3.3768
3.3786
3.3804
3.3822
3.384
3.3858
3.3876
3.3894
3.3912
3.393
3.3948
3.3966
3.3984
3.4002
3.402
3.4038
3.4056
3.4074
3.4092
3.411
3.4128
3.4146
3.4164
3.4182
3.42
3.4218
3.4236
3.4254
3.4272
3.429
3.4308
3.4326
3.4344
3.4362
3.438
3.4398
3.4416
3.4434
3.4452
3.447
3.4488
3.4506
3.4524
3.4542
3.456
3.4578
3.4596
3.4614
3.4632
3.465
3.4668
3.4686
3.4704
3.4722
3.474
3.4758
3.4776
3.4794
3.4812
3.483
3.4848
3.4866
3.4884
3.4902
3.492
3.4938
3.4956
3.4974
3.4992
3.501
3.5028
3.5046
3.5064
3.5082
3.51
3.5118
3.5136
3.5154
3.5172
3.519
3.5208
3.5226
3.5244
3.5262
3.528
3.5298
3.5316
3.5334
3.5352
3.537
3.5388
3.5406
3.5424
3.5442
3.546
3.5478
3.5496
3.5514
3.5532
3.555
3.5568
3.5586
3.5604
3.5622
3.564
3.5658
3.5676
3.5694
3.5712
3.573
3.5748
3.5766
3.5784
3.5802
3.582
3.5838
3.5856
3.5874
3.5892
3.591
3.5928
3.5946
3.5964
3.5982
3.6
3.6018
3.6036
3.6054
3.6072
3.609
3.6108
3.6126
3.6144
3.6162
3.618
3.6198
3.6216
3.6234
3.6252
3.627
3.6288
3.6306
3.6324
3.6342
3.636
3.6378
3.6396
3.6414
3.6432
3.645
3.6468
3.6486
3.6504
3.6522
3.654
3.6558
3.6576
3.6594
3.6612
3.663
3.6648
3.6666
3.6684
3.6702
3.672
3.6738
3.6756
3.6774
3.6792
3.681
3.6828
3.6846
3.6864
3.6882
3.69
3.6918
3.6936
3.6954
3.6972
3.699
3.7008
3.7026
3.7044
3.7062
3.708
3.7098
3.7116
3.7134
3.7152
3.717
3.7188
3.7206
3.7224
3.7242
3.726
3.7278
3.7296
3.7314
3.7332
3.735
3.7368
3.7386
3.7404
3.7422
3.744
3.7458
3.7476
3.7494
3.7512
3.753
3.7548
3.7566
3.7584
3.7602
3.762
3.7638
3.7656
3.7674
3.7692
3.771
3.7728
3.7746
3.7764
3.7782
3.78
3.7818
3.7836
3.7854
3.7872
3.789
3.7908
3.7926
3.7944
3.7962
3.798
3.7998
3.8016
3.8034
3.8052
3.807
3.8088
3.8106
3.8124
3.8142
3.816
3.8178
3.8196
3.8214
3.8232
3.825
3.8268
3.8286
3.8304
3.8322
3.834
3.8358
3.8376
3.8394
3.8412
3.843
3.8448
3.8466
3.8484
3.8502
3.852
3.8538
3.8556
3.8574
3.8592
3.861
3.8628
3.8646
3.8664
3.8682
3.87
3.8718
3.8736
3.8754
3.8772
3.879
3.8808
3.8826
3.8844
3.8862
3.888
3.8898
3.8916
3.8934
3.8952
3.897
3.8988
3.9006
3.9024
3.9042
3.906
3.9078
3.9096
3.9114
3.9132
3.915
3.9168
3.9186
3.9204
3.9222
3.924
3.9258
3.9276
3.9294
3.9312
3.933
3.9348
3.9366
3.9384
3.9402
3.942
3.9438
3.9456
3.9474
3.9492
3.951
3.9528
3.9546
3.9564
3.9582
3.96
3.9618
3.9636
3.9654
3.9672
3.969
3.9708
3.9726
3.9744
3.9762
3.978
3.9798
3.9816
3.9834
3.9852
3.987
3.9888
3.9906
3.9924
3.9942
3.996
3.9978
3.9996
4.0014
4.0032
4.005
4.0068
4.0086
4.0104
4.0122
4.014
4.0158
4.0176
4.0194
4.0212
4.023
4.0248
4.0266
4.0284
4.0302
4.032
4.0338
4.0356
4.0374
4.0392
4.041
4.0428
4.0446
4.0464
4.0482
4.05
4.0518
4.0536
4.0554
4.0572
4.059
4.0608
4.0626
4.0644
4.0662
4.068
4.0698
4.0716
4.0734
4.0752
4.077
4.0788
4.0806
4.0824
4.0842
4.086
4.0878
4.0896
4.0914
4.0932
4.095
4.0968
4.0986
4.1004
4.1022
4.104
4.1058
4.1076
4.1094
4.1112
4.113
4.1148
4.1166
4.1184
4.1202
4.122
4.1238
4.1256
4.1274
4.1292
4.131
4.1328
4.1346
4.1364
4.1382
4.14
4.1418
4.1436
4.1454
4.1472
4.149
4.1508
4.1526
4.1544
4.1562
4.158
4.1598
4.1616
4.1634
4.1652
4.167
4.1688
4.1706
4.1724
4.1742
4.176
4.1778
4.1796
4.1814
4.1832
4.185
4.1868
4.1886
4.1904
4.1922
4.194
4.1958
4.1976
4.1994
4.2012
4.203
4.2048
4.2066
4.2084
4.2102
4.212
4.2138
4.2156
4.2174
4.2192
4.221
4.2228
4.2246
4.2264
4.2282
4.23
4.2318
4.2336
4.2354
4.2372
4.239
4.2408
4.2426
4.2444
4.2462
4.248
4.2498
4.2516
4.2534
4.2552
4.257
4.2588
4.2606
4.2624
4.2642
4.266
4.2678
4.2696
4.2714
4.2732
4.275
4.2768
4.2786
4.2804
4.2822
4.284
4.2858
4.2876
4.2894
4.2912
4.293
4.2948
4.2966
4.2984
4.3002
4.302
4.3038
4.3056
4.3074
4.3092
4.311
4.3128
4.3146
4.3164
4.3182
4.32
4.3218
4.3236
4.3254
4.3272
4.329
4.3308
4.3326
4.3344
4.3362
4.338
4.3398
4.3416
4.3434
4.3452
4.347
4.3488
4.3506
4.3524
4.3542
4.356
4.3578
4.3596
4.3614
4.3632
4.365
4.3668
4.3686
4.3704
4.3722
4.374
4.3758
4.3776
4.3794
4.3812
4.383
4.3848
4.3866
4.3884
4.3902
4.392
4.3938
4.3956
4.3974
4.3992
4.401
4.4028
4.4046
4.4064
4.4082
4.41
4.4118
4.4136
4.4154
4.4172
4.419
4.4208
4.4226
4.4244
4.4262
4.428
4.4298
4.4316
4.4334
4.4352
4.437
4.4388
4.4406
4.4424
4.4442
4.446
4.4478
4.4496
4.4514
4.4532
4.455
4.4568
4.4586
4.4604
4.4622
4.464
4.4658
4.4676
4.4694
4.4712
4.473
4.4748
4.4766
4.4784
4.4802
4.482
4.4838
4.4856
4.4874
4.4892
4.491
4.4928
4.4946
4.4964
4.4982
4.5
4.5018
4.5036
4.5054
4.5072
4.509
4.5108
4.5126
4.5144
4.5162
4.518
4.5198
4.5216
4.5234
4.5252
4.527
4.5288
4.5306
4.5324
4.5342
4.536
4.5378
4.5396
4.5414
4.5432
4.545
4.5468
4.5486
4.5504
4.5522
4.554
4.5558
4.5576
4.5594
4.5612
4.563
4.5648
4.5666
4.5684
4.5702
4.572
4.5738
4.5756
4.5774
4.5792
4.581
4.5828
4.5846
4.5864
4.5882
4.59
4.5918
4.5936
4.5954
4.5972
4.599
4.6008
4.6026
4.6044
4.6062
4.608
4.6098
4.6116
4.6134
4.6152
4.617
4.6188
4.6206
4.6224
4.6242
4.626
4.6278
4.6296
4.6314
4.6332
4.635
4.6368
4.6386
4.6404
4.6422
4.644
4.6458
4.6476
4.6494
4.6512
4.653
4.6548
4.6566
4.6584
4.6602
4.662
4.6638
4.6656
4.6674
4.6692
4.671
4.6728
4.6746
4.6764
4.6782
4.68
4.6818
4.6836
4.6854
4.6872
4.689
4.6908
4.6926
4.6944
4.6962
4.698
4.6998
4.7016
4.7034
4.7052
4.707
4.7088
4.7106
4.7124
4.7142
4.716
4.7178
4.7196
4.7214
4.7232
4.725
4.7268
4.7286
4.7304
4.7322
4.734
4.7358
4.7376
4.7394
4.7412
4.743
4.7448
4.7466
4.7484
4.7502
4.752
4.7538
4.7556
4.7574
4.7592
4.761
4.7628
4.7646
4.7664
4.7682
4.77
4.7718
4.7736
4.7754
4.7772
4.779
4.7808
4.7826
4.7844
4.7862
4.788
4.7898
4.7916
4.7934
4.7952
4.797
4.7988
4.8006
4.8024
4.8042
4.806
4.8078
4.8096
4.8114
4.8132
4.815
4.8168
4.8186
4.8204
4.8222
4.824
4.8258
4.8276
4.8294
4.8312
4.833
4.8348
4.8366
4.8384
4.8402
4.842
4.8438
4.8456
4.8474
4.8492
4.851
4.8528
4.8546
4.8564
4.8582
4.86
4.8618
4.8636
4.8654
4.8672
4.869
4.8708
4.8726
4.8744
4.8762
4.878
4.8798
4.8816
4.8834
4.8852
4.887
4.8888
4.8906
4.8924
4.8942
4.896
4.8978
4.8996
4.9014
4.9032
4.905
4.9068
4.9086
4.9104
4.9122
4.914
4.9158
4.9176
4.9194
4.9212
4.923
4.9248
4.9266
4.9284
4.9302
4.932
4.9338
4.9356
4.9374
4.9392
4.941
4.9428
4.9446
4.9464
4.9482
4.95
4.9518
4.9536
4.9554
4.9572
4.959
4.9608
4.9626
4.9644
4.9662
4.968
4.9698
4.9716
4.9734
4.9752
4.977
4.9788
4.9806
4.9824
4.9842
4.986
4.9878
4.9896
4.9914
4.9932
4.995
4.9968
4.9986
5.0004
5.0022
5.004
5.0058
5.0076
5.0094
5.0112
5.013
5.0148
5.0166
5.0184
5.0202
5.022
5.0238
5.0256
5.0274
5.0292
5.031
5.0328
5.0346
5.0364
5.0382
5.04
5.0418
5.0436
5.0454
5.0472
5.049
5.0508
5.0526
5.0544
5.0562
5.058
5.0598
5.0616
5.0634
5.0652
5.067
5.0688
5.0706
5.0724
5.0742
5.076
5.0778
5.0796
5.0814
5.0832
5.085
5.0868
5.0886
5.0904
5.0922
5.094
5.0958
5.0976
5.0994
5.1012
5.103
5.1048
5.1066
5.1084
5.1102
5.112
5.1138
5.1156
5.1174
5.1192
5.121
5.1228
5.1246
5.1264
5.1282
5.13
5.1318
5.1336
5.1354
5.1372
5.139
5.1408
5.1426
5.1444
5.1462
5.148
5.1498
5.1516
5.1534
5.1552
5.157
5.1588
5.1606
5.1624
5.1642
5.166
5.1678
5.1696
5.1714
5.1732
5.175
5.1768
5.1786
5.1804
5.1822
5.184
5.1858
5.1876
5.1894
5.1912
5.193
5.1948
5.1966
5.1984
5.2002
5.202
5.2038
5.2056
5.2074
5.2092
5.211
5.2128
5.2146
5.2164
5.2182
5.22
5.2218
5.2236
5.2254
5.2272
5.229
5.2308
5.2326
5.2344
5.2362
5.238
5.2398
5.2416
5.2434
5.2452
5.247
5.2488
5.2506
5.2524
5.2542
5.256
5.2578
5.2596
5.2614
5.2632
5.265
5.2668
5.2686
5.2704
5.2722
5.274
5.2758
5.2776
5.2794
5.2812
5.283
5.2848
5.2866
5.2884
5.2902
5.292
5.2938
5.2956
5.2974
5.2992
5.301
5.3028
5.3046
5.3064
5.3082
5.31
5.3118
5.3136
5.3154
5.3172
5.319
5.3208
5.3226
5.3244
5.3262
5.328
5.3298
5.3316
5.3334
5.3352
5.337
5.3388
5.3406
5.3424
5.3442
5.346
5.3478
5.3496
5.3514
5.3532
5.355
5.3568
5.3586
5.3604
5.3622
5.364
5.3658
5.3676
5.3694
5.3712
5.373
5.3748
5.3766
5.3784
5.3802
5.382
5.3838
5.3856
5.3874
5.3892
5.391
5.3928
5.3946
5.3964
5.3982
5.4
5.4018
5.4036
5.4054
5.4072
5.409
5.4108
5.4126
5.4144
5.4162
5.418
5.4198
5.4216
5.4234
5.4252
5.427
5.4288
5.4306
5.4324
5.4342
5.436
5.4378
5.4396
5.4414
5.4432
5.445
5.4468
5.4486
5.4504
5.4522
5.454
5.4558
5.4576
5.4594
5.4612
5.463
5.4648
5.4666
5.4684
5.4702
5.472
5.4738
5.4756
5.4774
5.4792
5.481
5.4828
5.4846
5.4864
5.4882
5.49
5.4918
5.4936
5.4954
5.4972
5.499
5.5008
5.5026
5.5044
5.5062
5.508
5.5098
5.5116
5.5134
5.5152
5.517
5.5188
5.5206
5.5224
5.5242
5.526
5.5278
5.5296
5.5314
5.5332
5.535
5.5368
5.5386
5.5404
5.5422
5.544
5.5458
5.5476
5.5494
5.5512
5.553
5.5548
5.5566
5.5584
5.5602
5.562
5.5638
5.5656
5.5674
5.5692
5.571
5.5728
5.5746
5.5764
5.5782
5.58
5.5818
5.5836
5.5854
5.5872
5.589
5.5908
5.5926
5.5944
5.5962
5.598
5.5998
5.6016
5.6034
5.6052
5.607
5.6088
5.6106
5.6124
5.6142
5.616
5.6178
5.6196
5.6214
5.6232
5.625
5.6268
5.6286
5.6304
5.6322
5.634
5.6358
5.6376
5.6394
5.6412
5.643
5.6448
5.6466
5.6484
5.6502
5.652
5.6538
5.6556
5.6574
5.6592
5.661
5.6628
5.6646
5.6664
5.6682
5.67
5.6718
5.6736
5.6754
5.6772
5.679
5.6808
5.6826
5.6844
5.6862
5.688
5.6898
5.6916
5.6934
5.6952
5.697
5.6988
5.7006
5.7024
5.7042
5.706
5.7078
5.7096
5.7114
5.7132
5.715
5.7168
5.7186
5.7204
5.7222
5.724
5.7258
5.7276
5.7294
5.7312
5.733
5.7348
5.7366
5.7384
5.7402
5.742
5.7438
5.7456
5.7474
5.7492
5.751
5.7528
5.7546
5.7564
5.7582
5.76
5.7618
5.7636
5.7654
5.7672
5.769
5.7708
5.7726
5.7744
5.7762
5.778
5.7798
5.7816
5.7834
5.7852
5.787
5.7888
5.7906
5.7924
5.7942
5.796
5.7978
5.7996
5.8014
5.8032
5.805
5.8068
5.8086
5.8104
5.8122
5.814
5.8158
5.8176
5.8194
5.8212
5.823
5.8248
5.8266
5.8284
5.8302
5.832
5.8338
5.8356
5.8374
5.8392
5.841
5.8428
5.8446
5.8464
5.8482
5.85
5.8518
5.8536
5.8554
5.8572
5.859
5.8608
5.8626
5.8644
5.8662
5.868
5.8698
5.8716
5.8734
5.8752
5.877
5.8788
5.8806
5.8824
5.8842
5.886
5.8878
5.8896
5.8914
5.8932
5.895
5.8968
5.8986
5.9004
5.9022
5.904
5.9058
5.9076
5.9094
5.9112
5.913
5.9148
5.9166
5.9184
5.9202
5.922
5.9238
5.9256
5.9274
5.9292
5.931
5.9328
5.9346
5.9364
5.9382
5.94
5.9418
5.9436
5.9454
5.9472
5.949
5.9508
5.9526
5.9544
5.9562
5.958
5.9598
5.9616
5.9634
5.9652
5.967
5.9688
5.9706
5.9724
5.9742
5.976
5.9778
5.9796
5.9814
5.9832
5.985
5.9868
5.9886
5.9904
5.9922
5.994
5.9958
5.9976
5.9994
6.0012
6.003
6.0048
6.0066
6.0084
6.0102
6.012
6.0138
6.0156
6.0174
6.0192
6.021
6.0228
6.0246
6.0264
6.0282
6.03
6.0318
6.0336
6.0354
6.0372
6.039
6.0408
6.0426
6.0444
6.0462
6.048
6.0498
6.0516
6.0534
6.0552
6.057
6.0588
6.0606
6.0624
6.0642
6.066
6.0678
6.0696
6.0714
6.0732
6.075
6.0768
6.0786
6.0804
6.0822
6.084
6.0858
6.0876
6.0894
6.0912
6.093
6.0948
6.0966
6.0984
6.1002
6.102
6.1038
6.1056
6.1074
6.1092
6.111
6.1128
6.1146
6.1164
6.1182
6.12
6.1218
6.1236
6.1254
6.1272
6.129
6.1308
6.1326
6.1344
6.1362
6.138
6.1398
6.1416
6.1434
6.1452
6.147
6.1488
6.1506
6.1524
6.1542
6.156
6.1578
6.1596
6.1614
6.1632
6.165
6.1668
6.1686
6.1704
6.1722
6.174
6.1758
6.1776
6.1794
6.1812
6.183
6.1848
6.1866
6.1884
6.1902
6.192
6.1938
6.1956
6.1974
6.1992
6.201
6.2028
6.2046
6.2064
6.2082
6.21
6.2118
6.2136
6.2154
6.2172
6.219
6.2208
6.2226
6.2244
6.2262
6.228
6.2298
6.2316
6.2334
6.2352
6.237
6.2388
6.2406
6.2424
6.2442
6.246
6.2478
6.2496
6.2514
6.2532
6.255
6.2568
6.2586
6.2604
6.2622
6.264
6.2658
6.2676
6.2694
6.2712
6.273
6.2748
6.2766
6.2784
6.2802
6.282
6.2838
6.2856
6.2874
6.2892
6.291
6.2928
6.2946
6.2964
6.2982
6.3
6.3018
6.3036
6.3054
6.3072
6.309
6.3108
6.3126
6.3144
6.3162
6.318
6.3198
6.3216
6.3234
6.3252
6.327
6.3288
6.3306
6.3324
6.3342
6.336
6.3378
6.3396
6.3414
6.3432
6.345
6.3468
6.3486
6.3504
6.3522
6.354
6.3558
6.3576
6.3594
6.3612
6.363
6.3648
6.3666
6.3684
6.3702
6.372
6.3738
6.3756
6.3774
6.3792
6.381
6.3828
6.3846
6.3864
6.3882
6.39
6.3918
6.3936
6.3954
6.3972
6.399
6.4008
6.4026
6.4044
6.4062
6.408
6.4098
6.4116
6.4134
6.4152
6.417
6.4188
6.4206
6.4224
6.4242
6.426
6.4278
6.4296
6.4314
6.4332
6.435
6.4368
6.4386
6.4404
6.4422
6.444
6.4458
6.4476
6.4494
6.4512
6.453
6.4548
6.4566
6.4584
6.4602
6.462
6.4638
6.4656
6.4674
6.4692
6.471
6.4728
6.4746
6.4764
6.4782
6.48
6.4818
6.4836
6.4854
6.4872
6.489
6.4908
6.4926
6.4944
6.4962
6.498
6.4998
6.5016
6.5034
6.5052
6.507
6.5088
6.5106
6.5124
6.5142
6.516
6.5178
6.5196
6.5214
6.5232
6.525
6.5268
6.5286
6.5304
6.5322
6.534
6.5358
6.5376
6.5394
6.5412
6.543
6.5448
6.5466
6.5484
6.5502
6.552
6.5538
6.5556
6.5574
6.5592
6.561
6.5628
6.5646
6.5664
6.5682
6.57
6.5718
6.5736
6.5754
6.5772
6.579
6.5808
6.5826
6.5844
6.5862
6.588
6.5898
6.5916
6.5934
6.5952
6.597
6.5988
6.6006
6.6024
6.6042
6.606
6.6078
6.6096
6.6114
6.6132
6.615
6.6168
6.6186
6.6204
6.6222
6.624
6.6258
6.6276
6.6294
6.6312
6.633
6.6348
6.6366
6.6384
6.6402
6.642
6.6438
6.6456
6.6474
6.6492
6.651
6.6528
6.6546
6.6564
6.6582
6.66
6.6618
6.6636
6.6654
6.6672
6.669
6.6708
6.6726
6.6744
6.6762
6.678
6.6798
6.6816
6.6834
6.6852
6.687
6.6888
6.6906
6.6924
6.6942
6.696
6.6978
6.6996
6.7014
6.7032
6.705
6.7068
6.7086
6.7104
6.7122
6.714
6.7158
6.7176
6.7194
6.7212
6.723
6.7248
6.7266
6.7284
6.7302
6.732
6.7338
6.7356
6.7374
6.7392
6.741
6.7428
6.7446
6.7464
6.7482
6.75
6.7518
6.7536
6.7554
6.7572
6.759
6.7608
6.7626
6.7644
6.7662
6.768
6.7698
6.7716
6.7734
6.7752
6.777
6.7788
6.7806
6.7824
6.7842
6.786
6.7878
6.7896
6.7914
6.7932
6.795
6.7968
6.7986
6.8004
6.8022
6.804
6.8058
6.8076
6.8094
6.8112
6.813
6.8148
6.8166
6.8184
6.8202
6.822
6.8238
6.8256
6.8274
6.8292
6.831
6.8328
6.8346
6.8364
6.8382
6.84
6.8418
6.8436
6.8454
6.8472
6.849
6.8508
6.8526
6.8544
6.8562
6.858
6.8598
6.8616
6.8634
6.8652
6.867
6.8688
6.8706
6.8724
6.8742
6.876
6.8778
6.8796
6.8814
6.8832
6.885
6.8868
6.8886
6.8904
6.8922
6.894
6.8958
6.8976
6.8994
6.9012
6.903
6.9048
6.9066
6.9084
6.9102
6.912
6.9138
6.9156
6.9174
6.9192
6.921
6.9228
6.9246
6.9264
6.9282
6.93
6.9318
6.9336
6.9354
6.9372
6.939
6.9408
6.9426
6.9444
6.9462
6.948
6.9498
6.9516
6.9534
6.9552
6.957
6.9588
6.9606
6.9624
6.9642
6.966
6.9678
6.9696
6.9714
6.9732
6.975
6.9768
6.9786
6.9804
6.9822
6.984
6.9858
6.9876
6.9894
6.9912
6.993
6.9948
6.9966
6.9984
7.0002
7.002
7.0038
7.0056
7.0074
7.0092
7.011
7.0128
7.0146
7.0164
7.0182
7.02
7.0218
7.0236
7.0254
7.0272
7.029
7.0308
7.0326
7.0344
7.0362
7.038
7.0398
7.0416
7.0434
7.0452
7.047
7.0488
7.0506
7.0524
7.0542
7.056
7.0578
7.0596
7.0614
7.0632
7.065
7.0668
7.0686
7.0704
7.0722
7.074
7.0758
7.0776
7.0794
7.0812
7.083
7.0848
7.0866
7.0884
7.0902
7.092
7.0938
7.0956
7.0974
7.0992
7.101
7.1028
7.1046
7.1064
7.1082
7.11
7.1118
7.1136
7.1154
7.1172
7.119
7.1208
7.1226
7.1244
7.1262
7.128
7.1298
7.1316
7.1334
7.1352
7.137
7.1388
7.1406
7.1424
7.1442
7.146
7.1478
7.1496
7.1514
7.1532
7.155
7.1568
7.1586
7.1604
7.1622
7.164
7.1658
7.1676
7.1694
7.1712
7.173
7.1748
7.1766
7.1784
7.1802
7.182
7.1838
7.1856
7.1874
7.1892
7.191
7.1928
7.1946
7.1964
7.1982
7.2
7.2018
7.2036
7.2054
7.2072
7.209
7.2108
7.2126
7.2144
7.2162
7.218
7.2198
7.2216
7.2234
7.2252
7.227
7.2288
7.2306
7.2324
7.2342
7.236
7.2378
7.2396
7.2414
7.2432
7.245
7.2468
7.2486
7.2504
7.2522
7.254
7.2558
7.2576
7.2594
7.2612
7.263
7.2648
7.2666
7.2684
7.2702
7.272
7.2738
7.2756
7.2774
7.2792
7.281
7.2828
7.2846
7.2864
7.2882
7.29
7.2918
7.2936
7.2954
7.2972
7.299
7.3008
7.3026
7.3044
7.3062
7.308
7.3098
7.3116
7.3134
7.3152
7.317
7.3188
7.3206
7.3224
7.3242
7.326
7.3278
7.3296
7.3314
7.3332
7.335
7.3368
7.3386
7.3404
7.3422
7.344
7.3458
7.3476
7.3494
7.3512
7.353
7.3548
7.3566
7.3584
7.3602
7.362
7.3638
7.3656
7.3674
7.3692
7.371
7.3728
7.3746
7.3764
7.3782
7.38
7.3818
7.3836
7.3854
7.3872
7.389
7.3908
7.3926
7.3944
7.3962
7.398
7.3998
7.4016
7.4034
7.4052
7.407
7.4088
7.4106
7.4124
7.4142
7.416
7.4178
7.4196
7.4214
7.4232
7.425
7.4268
7.4286
7.4304
7.4322
7.434
7.4358
7.4376
7.4394
7.4412
7.443
7.4448
7.4466
7.4484
7.4502
7.452
7.4538
7.4556
7.4574
7.4592
7.461
7.4628
7.4646
7.4664
7.4682
7.47
7.4718
7.4736
7.4754
7.4772
7.479
7.4808
7.4826
7.4844
7.4862
7.488
7.4898
7.4916
7.4934
7.4952
7.497
7.4988
7.5006
7.5024
7.5042
7.506
7.5078
7.5096
7.5114
7.5132
7.515
7.5168
7.5186
7.5204
7.5222
7.524
7.5258
7.5276
7.5294
7.5312
7.533
7.5348
7.5366
7.5384
7.5402
7.542
7.5438
7.5456
7.5474
7.5492
7.551
7.5528
7.5546
7.5564
7.5582
7.56
7.5618
7.5636
7.5654
7.5672
7.569
7.5708
7.5726
7.5744
7.5762
7.578
7.5798
7.5816
7.5834
7.5852
7.587
7.5888
7.5906
7.5924
7.5942
7.596
7.5978
7.5996
7.6014
7.6032
7.605
7.6068
7.6086
7.6104
7.6122
7.614
7.6158
7.6176
7.6194
7.6212
7.623
7.6248
7.6266
7.6284
7.6302
7.632
7.6338
7.6356
7.6374
7.6392
7.641
7.6428
7.6446
7.6464
7.6482
7.65
7.6518
7.6536
7.6554
7.6572
7.659
7.6608
7.6626
7.6644
7.6662
7.668
7.6698
7.6716
7.6734
7.6752
7.677
7.6788
7.6806
7.6824
7.6842
7.686
7.6878
7.6896
7.6914
7.6932
7.695
7.6968
7.6986
7.7004
7.7022
7.704
7.7058
7.7076
7.7094
7.7112
7.713
7.7148
7.7166
7.7184
7.7202
7.722
7.7238
7.7256
7.7274
7.7292
7.731
7.7328
7.7346
7.7364
7.7382
7.74
7.7418
7.7436
7.7454
7.7472
7.749
7.7508
7.7526
7.7544
7.7562
7.758
7.7598
7.7616
7.7634
7.7652
7.767
7.7688
7.7706
7.7724
7.7742
7.776
7.7778
7.7796
7.7814
7.7832
7.785
7.7868
7.7886
7.7904
7.7922
7.794
7.7958
7.7976
7.7994
7.8012
7.803
7.8048
7.8066
7.8084
7.8102
7.812
7.8138
7.8156
7.8174
7.8192
7.821
7.8228
7.8246
7.8264
7.8282
7.83
7.8318
7.8336
7.8354
7.8372
7.839
7.8408
7.8426
7.8444
7.8462
7.848
7.8498
7.8516
7.8534
7.8552
7.857
7.8588
7.8606
7.8624
7.8642
7.866
7.8678
7.8696
7.8714
7.8732
7.875
7.8768
7.8786
7.8804
7.8822
7.884
7.8858
7.8876
7.8894
7.8912
7.893
7.8948
7.8966
7.8984
7.9002
7.902
7.9038
7.9056
7.9074
7.9092
7.911
7.9128
7.9146
7.9164
7.9182
7.92
7.9218
7.9236
7.9254
7.9272
7.929
7.9308
7.9326
7.9344
7.9362
7.938
7.9398
7.9416
7.9434
7.9452
7.947
7.9488
7.9506
7.9524
7.9542
7.956
7.9578
7.9596
7.9614
7.9632
7.965
7.9668
7.9686
7.9704
7.9722
7.974
7.9758
7.9776
7.9794
7.9812
7.983
7.9848
7.9866
7.9884
7.9902
7.992
7.9938
7.9956
7.9974
7.9992
8.001
8.0028
8.0046
8.0064
8.0082
8.01
8.0118
8.0136
8.0154
8.0172
8.019
8.0208
8.0226
8.0244
8.0262
8.028
8.0298
8.0316
8.0334
8.0352
8.037
8.0388
8.0406
8.0424
8.0442
8.046
8.0478
8.0496
8.0514
8.0532
8.055
8.0568
8.0586
8.0604
8.0622
8.064
8.0658
8.0676
8.0694
8.0712
8.073
8.0748
8.0766
8.0784
8.0802
8.082
8.0838
8.0856
8.0874
8.0892
8.091
8.0928
8.0946
8.0964
8.0982
8.1
8.1018
8.1036
8.1054
8.1072
8.109
8.1108
8.1126
8.1144
8.1162
8.118
8.1198
8.1216
8.1234
8.1252
8.127
8.1288
8.1306
8.1324
8.1342
8.136
8.1378
8.1396
8.1414
8.1432
8.145
8.1468
8.1486
8.1504
8.1522
8.154
8.1558
8.1576
8.1594
8.1612
8.163
8.1648
8.1666
8.1684
8.1702
8.172
8.1738
8.1756
8.1774
8.1792
8.181
8.1828
8.1846
8.1864
8.1882
8.19
8.1918
8.1936
8.1954
8.1972
8.199
8.2008
8.2026
8.2044
8.2062
8.208
8.2098
8.2116
8.2134
8.2152
8.217
8.2188
8.2206
8.2224
8.2242
8.226
8.2278
8.2296
8.2314
8.2332
8.235
8.2368
8.2386
8.2404
8.2422
8.244
8.2458
8.2476
8.2494
8.2512
8.253
8.2548
8.2566
8.2584
8.2602
8.262
8.2638
8.2656
8.2674
8.2692
8.271
8.2728
8.2746
8.2764
8.2782
8.28
8.2818
8.2836
8.2854
8.2872
8.289
8.2908
8.2926
8.2944
8.2962
8.298
8.2998
8.3016
8.3034
8.3052
8.307
8.3088
8.3106
8.3124
8.3142
8.316
8.3178
8.3196
8.3214
8.3232
8.325
8.3268
8.3286
8.3304
8.3322
8.334
8.3358
8.3376
8.3394
8.3412
8.343
8.3448
8.3466
8.3484
8.3502
8.352
8.3538
8.3556
8.3574
8.3592
8.361
8.3628
8.3646
8.3664
8.3682
8.37
8.3718
8.3736
8.3754
8.3772
8.379
8.3808
8.3826
8.3844
8.3862
8.388
8.3898
8.3916
8.3934
8.3952
8.397
8.3988
8.4006
8.4024
8.4042
8.406
8.4078
8.4096
8.4114
8.4132
8.415
8.4168
8.4186
8.4204
8.4222
8.424
8.4258
8.4276
8.4294
8.4312
8.433
8.4348
8.4366
8.4384
8.4402
8.442
8.4438
8.4456
8.4474
8.4492
8.451
8.4528
8.4546
8.4564
8.4582
8.46
8.4618
8.4636
8.4654
8.4672
8.469
8.4708
8.4726
8.4744
8.4762
8.478
8.4798
8.4816
8.4834
8.4852
8.487
8.4888
8.4906
8.4924
8.4942
8.496
8.4978
8.4996
8.5014
8.5032
8.505
8.5068
8.5086
8.5104
8.5122
8.514
8.5158
8.5176
8.5194
8.5212
8.523
8.5248
8.5266
8.5284
8.5302
8.532
8.5338
8.5356
8.5374
8.5392
8.541
8.5428
8.5446
8.5464
8.5482
8.55
8.5518
8.5536
8.5554
8.5572
8.559
8.5608
8.5626
8.5644
8.5662
8.568
8.5698
8.5716
8.5734
8.5752
8.577
8.5788
8.5806
8.5824
8.5842
8.586
8.5878
8.5896
8.5914
8.5932
8.595
8.5968
8.5986
8.6004
8.6022
8.604
8.6058
8.6076
8.6094
8.6112
8.613
8.6148
8.6166
8.6184
8.6202
8.622
8.6238
8.6256
8.6274
8.6292
8.631
8.6328
8.6346
8.6364
8.6382
8.64
8.6418
8.6436
8.6454
8.6472
8.649
8.6508
8.6526
8.6544
8.6562
8.658
8.6598
8.6616
8.6634
8.6652
8.667
8.6688
8.6706
8.6724
8.6742
8.676
8.6778
8.6796
8.6814
8.6832
8.685
8.6868
8.6886
8.6904
8.6922
8.694
8.6958
8.6976
8.6994
8.7012
8.703
8.7048
8.7066
8.7084
8.7102
8.712
8.7138
8.7156
8.7174
8.7192
8.721
8.7228
8.7246
8.7264
8.7282
8.73
8.7318
8.7336
8.7354
8.7372
8.739
8.7408
8.7426
8.7444
8.7462
8.748
8.7498
8.7516
8.7534
8.7552
8.757
8.7588
8.7606
8.7624
8.7642
8.766
8.7678
8.7696
8.7714
8.7732
8.775
8.7768
8.7786
8.7804
8.7822
8.784
8.7858
8.7876
8.7894
8.7912
8.793
8.7948
8.7966
8.7984
8.8002
8.802
8.8038
8.8056
8.8074
8.8092
8.811
8.8128
8.8146
8.8164
8.8182
8.82
8.8218
8.8236
8.8254
8.8272
8.829
8.8308
8.8326
8.8344
8.8362
8.838
8.8398
8.8416
8.8434
8.8452
8.847
8.8488
8.8506
8.8524
8.8542
8.856
8.8578
8.8596
8.8614
8.8632
8.865
8.8668
8.8686
8.8704
8.8722
8.874
8.8758
8.8776
8.8794
8.8812
8.883
8.8848
8.8866
8.8884
8.8902
8.892
8.8938
8.8956
8.8974
8.8992
8.901
8.9028
8.9046
8.9064
8.9082
8.91
8.9118
8.9136
8.9154
8.9172
8.919
8.9208
8.9226
8.9244
8.9262
8.928
8.9298
8.9316
8.9334
8.9352
8.937
8.9388
8.9406
8.9424
8.9442
8.946
8.9478
8.9496
8.9514
8.9532
8.955
8.9568
8.9586
8.9604
8.9622
8.964
8.9658
8.9676
8.9694
8.9712
8.973
8.9748
8.9766
8.9784
8.9802
8.982
8.9838
8.9856
8.9874
8.9892
8.991
8.9928
8.9946
8.9964
8.9982
9
9.0018
9.0036
9.0054
9.0072
9.009
9.0108
9.0126
9.0144
9.0162
9.018
9.0198
9.0216
9.0234
9.0252
9.027
9.0288
9.0306
9.0324
9.0342
9.036
9.0378
9.0396
9.0414
9.0432
9.045
9.0468
9.0486
9.0504
9.0522
9.054
9.0558
9.0576
9.0594
9.0612
9.063
9.0648
9.0666
9.0684
9.0702
9.072
9.0738
9.0756
9.0774
9.0792
9.081
9.0828
9.0846
9.0864
9.0882
9.09
9.0918
9.0936
9.0954
9.0972
9.099
9.1008
9.1026
9.1044
9.1062
9.108
9.1098
9.1116
9.1134
9.1152
9.117
9.1188
9.1206
9.1224
9.1242
9.126
9.1278
9.1296
9.1314
9.1332
9.135
9.1368
9.1386
9.1404
9.1422
9.144
9.1458
9.1476
9.1494
9.1512
9.153
9.1548
9.1566
9.1584
9.1602
9.162
9.1638
9.1656
9.1674
9.1692
9.171
9.1728
9.1746
9.1764
9.1782
9.18
9.1818
9.1836
9.1854
9.1872
9.189
9.1908
9.1926
9.1944
9.1962
9.198
9.1998
9.2016
9.2034
9.2052
9.207
9.2088
9.2106
9.2124
9.2142
9.216
9.2178
9.2196
9.2214
9.2232
9.225
9.2268
9.2286
9.2304
9.2322
9.234
9.2358
9.2376
9.2394
9.2412
9.243
9.2448
9.2466
9.2484
9.2502
9.252
9.2538
9.2556
9.2574
9.2592
9.261
9.2628
9.2646
9.2664
9.2682
9.27
9.2718
9.2736
9.2754
9.2772
9.279
9.2808
9.2826
9.2844
9.2862
9.288
9.2898
9.2916
9.2934
9.2952
9.297
9.2988
9.3006
9.3024
9.3042
9.306
9.3078
9.3096
9.3114
9.3132
9.315
9.3168
9.3186
9.3204
9.3222
9.324
9.3258
9.3276
9.3294
9.3312
9.333
9.3348
9.3366
9.3384
9.3402
9.342
9.3438
9.3456
9.3474
9.3492
9.351
9.3528
9.3546
9.3564
9.3582
9.36
9.3618
9.3636
9.3654
9.3672
9.369
9.3708
9.3726
9.3744
9.3762
9.378
9.3798
9.3816
9.3834
9.3852
9.387
9.3888
9.3906
9.3924
9.3942
9.396
9.3978
9.3996
9.4014
9.4032
9.405
9.4068
9.4086
9.4104
9.4122
9.414
9.4158
9.4176
9.4194
9.4212
9.423
9.4248
9.4266
9.4284
9.4302
9.432
9.4338
9.4356
9.4374
9.4392
9.441
9.4428
9.4446
9.4464
9.4482
9.45
9.4518
9.4536
9.4554
9.4572
9.459
9.4608
9.4626
9.4644
9.4662
9.468
9.4698
9.4716
9.4734
9.4752
9.477
9.4788
9.4806
9.4824
9.4842
9.486
9.4878
9.4896
9.4914
9.4932
9.495
9.4968
9.4986
9.5004
9.5022
9.504
9.5058
9.5076
9.5094
9.5112
9.513
9.5148
9.5166
9.5184
9.5202
9.522
9.5238
9.5256
9.5274
9.5292
9.531
9.5328
9.5346
9.5364
9.5382
9.54
9.5418
9.5436
9.5454
9.5472
9.549
9.5508
9.5526
9.5544
9.5562
9.558
9.5598
9.5616
9.5634
9.5652
9.567
9.5688
9.5706
9.5724
9.5742
9.576
9.5778
9.5796
9.5814
9.5832
9.585
9.5868
9.5886
9.5904
9.5922
9.594
9.5958
9.5976
9.5994
9.6012
9.603
9.6048
9.6066
9.6084
9.6102
9.612
9.6138
9.6156
9.6174
9.6192
9.621
9.6228
9.6246
9.6264
9.6282
9.63
9.6318
9.6336
9.6354
9.6372
9.639
9.6408
9.6426
9.6444
9.6462
9.648
9.6498
9.6516
9.6534
9.6552
9.657
9.6588
9.6606
9.6624
9.6642
9.666
9.6678
9.6696
9.6714
9.6732
9.675
9.6768
9.6786
9.6804
9.6822
9.684
9.6858
9.6876
9.6894
9.6912
9.693
9.6948
9.6966
9.6984
9.7002
9.702
9.7038
9.7056
9.7074
9.7092
9.711
9.7128
9.7146
9.7164
9.7182
9.72
9.7218
9.7236
9.7254
9.7272
9.729
9.7308
9.7326
9.7344
9.7362
9.738
9.7398
9.7416
9.7434
9.7452
9.747
9.7488
9.7506
9.7524
9.7542
9.756
9.7578
9.7596
9.7614
9.7632
9.765
9.7668
9.7686
9.7704
9.7722
9.774
9.7758
9.7776
9.7794
9.7812
9.783
9.7848
9.7866
9.7884
9.7902
9.792
9.7938
9.7956
9.7974
9.7992
9.801
9.8028
9.8046
9.8064
9.8082
9.81
9.8118
9.8136
9.8154
9.8172
9.819
9.8208
9.8226
9.8244
9.8262
9.828
9.8298
9.8316
9.8334
9.8352
9.837
9.8388
9.8406
9.8424
9.8442
9.846
9.8478
9.8496
9.8514
9.8532
9.855
9.8568
9.8586
9.8604
9.8622
9.864
9.8658
9.8676
9.8694
9.8712
9.873
9.8748
9.8766
9.8784
9.8802
9.882
9.8838
9.8856
9.8874
9.8892
9.891
9.8928
9.8946
9.8964
9.8982
9.9
9.9018
9.9036
9.9054
9.9072
9.909
9.9108
9.9126
9.9144
9.9162
9.918
9.9198
9.9216
9.9234
9.9252
9.927
9.9288
9.9306
9.9324
9.9342
9.936
9.9378
9.9396
9.9414
9.9432
9.945
9.9468
9.9486
9.9504
9.9522
9.954
9.9558
9.9576
9.9594
9.9612
9.963
9.9648
9.9666
9.9684
9.9702
9.972
9.9738
9.9756
9.9774
9.9792
9.981
9.9828
9.9846
9.9864
9.9882
9.99
9.9918
9.9936
9.9954
9.9972
9.999
10.001
10.003
10.004
10.006
10.008
10.01
10.012
10.013
10.015
10.017
10.019
10.021
10.022
10.024
10.026
10.028
10.03
10.031
10.033
10.035
10.037
10.039
10.04
10.042
10.044
10.046
10.048
10.049
10.051
10.053
10.055
10.057
10.058
10.06
10.062
10.064
10.066
10.067
10.069
10.071
10.073
10.075
10.076
10.078
10.08
10.082
10.084
10.085
10.087
10.089
10.091
10.093
10.094
10.096
10.098
10.1
10.102
10.103
10.105
10.107
10.109
10.111
10.112
10.114
10.116
10.118
10.12
10.121
10.123
10.125
10.127
10.129
10.13
10.132
10.134
10.136
10.138
10.139
10.141
10.143
10.145
10.147
10.148
10.15
10.152
10.154
10.156
10.157
10.159
10.161
10.163
10.165
10.166
10.168
10.17
10.172
10.174
10.175
10.177
10.179
10.181
10.183
10.184
10.186
10.188
10.19
10.192
10.193
10.195
10.197
10.199
10.201
10.202
10.204
10.206
10.208
10.21
10.211
10.213
10.215
10.217
10.219
10.22
10.222
10.224
10.226
10.228
10.229
10.231
10.233
10.235
10.237
10.238
10.24
10.242
10.244
10.246
10.247
10.249
10.251
10.253
10.255
10.256
10.258
10.26
10.262
10.264
10.265
10.267
10.269
10.271
10.273
10.274
10.276
10.278
10.28
10.282
10.283
10.285
10.287
10.289
10.291
10.292
10.294
10.296
10.298
10.3
10.301
10.303
10.305
10.307
10.309
10.31
10.312
10.314
10.316
10.318
10.319
10.321
10.323
10.325
10.327
10.328
10.33
10.332
10.334
10.336
10.337
10.339
10.341
10.343
10.345
10.346
10.348
10.35
10.352
10.354
10.355
10.357
10.359
10.361
10.363
10.364
10.366
10.368
10.37
10.372
10.373
10.375
10.377
10.379
10.381
10.382
10.384
10.386
10.388
10.39
10.391
10.393
10.395
10.397
10.399
10.4
10.402
10.404
10.406
10.408
10.409
10.411
10.413
10.415
10.417
10.418
10.42
10.422
10.424
10.426
10.427
10.429
10.431
10.433
10.435
10.436
10.438
10.44
10.442
10.444
10.445
10.447
10.449
10.451
10.453
10.454
10.456
10.458
10.46
10.462
10.463
10.465
10.467
10.469
10.471
10.472
10.474
10.476
10.478
10.48
10.481
10.483
10.485
10.487
10.489
10.49
10.492
10.494
10.496
10.498
10.499
10.501
10.503
10.505
10.507
10.508
10.51
10.512
10.514
10.516
10.517
10.519
10.521
10.523
10.525
10.526
10.528
10.53
10.532
10.534
10.535
10.537
10.539
10.541
10.543
10.544
10.546
10.548
10.55
10.552
10.553
10.555
10.557
10.559
10.561
10.562
10.564
10.566
10.568
10.57
10.571
10.573
10.575
10.577
10.579
10.58
10.582
10.584
10.586
10.588
10.589
10.591
10.593
10.595
10.597
10.598
10.6
10.602
10.604
10.606
10.607
10.609
10.611
10.613
10.615
10.616
10.618
10.62
10.622
10.624
10.625
10.627
10.629
10.631
10.633
10.634
10.636
10.638
10.64
10.642
10.643
10.645
10.647
10.649
10.651
10.652
10.654
10.656
10.658
10.66
10.661
10.663
10.665
10.667
10.669
10.67
10.672
10.674
10.676
10.678
10.679
10.681
10.683
10.685
10.687
10.688
10.69
10.692
10.694
10.696
10.697
10.699
10.701
10.703
10.705
10.706
10.708
10.71
10.712
10.714
10.715
10.717
10.719
10.721
10.723
10.724
10.726
10.728
10.73
10.732
10.733
10.735
10.737
10.739
10.741
10.742
10.744
10.746
10.748
10.75
10.751
10.753
10.755
10.757
10.759
10.76
10.762
10.764
10.766
10.768
10.769
10.771
10.773
10.775
10.777
10.778
10.78
10.782
10.784
10.786
10.787
10.789
10.791
10.793
10.795
10.796
10.798
10.8
10.802
10.804
10.805
10.807
10.809
10.811
10.813
10.814
10.816
10.818
10.82
10.822
10.823
10.825
10.827
10.829
10.831
10.832
10.834
10.836
10.838
10.84
10.841
10.843
10.845
10.847
10.849
10.85
10.852
10.854
10.856
10.858
10.859
10.861
10.863
10.865
10.867
10.868
10.87
10.872
10.874
10.876
10.877
10.879
10.881
10.883
10.885
10.886
10.888
10.89
10.892
10.894
10.895
10.897
10.899
10.901
10.903
10.904
10.906
10.908
10.91
10.912
10.913
10.915
10.917
10.919
10.921
10.922
10.924
10.926
10.928
10.93
10.931
10.933
10.935
10.937
10.939
10.94
10.942
10.944
10.946
10.948
10.949
10.951
10.953
10.955
10.957
10.958
10.96
10.962
10.964
10.966
10.967
10.969
10.971
10.973
10.975
10.976
10.978
10.98
10.982
10.984
10.985
10.987
10.989
10.991
10.993
10.994
10.996
10.998
11
11.002
11.003
11.005
11.007
11.009
11.011
11.012
11.014
11.016
11.018
11.02
11.021
11.023
11.025
11.027
11.029
11.03
11.032
11.034
11.036
11.038
11.039
11.041
11.043
11.045
11.047
11.048
11.05
11.052
11.054
11.056
11.057
11.059
11.061
11.063
11.065
11.066
11.068
11.07
11.072
11.074
11.075
11.077
11.079
11.081
11.083
11.084
11.086
11.088
11.09
11.092
11.093
11.095
11.097
11.099
11.101
11.102
11.104
11.106
11.108
11.11
11.111
11.113
11.115
11.117
11.119
11.12
11.122
11.124
11.126
11.128
11.129
11.131
11.133
11.135
11.137
11.138
11.14
11.142
11.144
11.146
11.147
11.149
11.151
11.153
11.155
11.156
11.158
11.16
11.162
11.164
11.165
11.167
11.169
11.171
11.173
11.174
11.176
11.178
11.18
11.182
11.183
11.185
11.187
11.189
11.191
11.192
11.194
11.196
11.198
11.2
11.201
11.203
11.205
11.207
11.209
11.21
11.212
11.214
11.216
11.218
11.219
11.221
11.223
11.225
11.227
11.228
11.23
11.232
11.234
11.236
11.237
11.239
11.241
11.243
11.245
11.246
11.248
11.25
11.252
11.254
11.255
11.257
11.259
11.261
11.263
11.264
11.266
11.268
11.27
11.272
11.273
11.275
11.277
11.279
11.281
11.282
11.284
11.286
11.288
11.29
11.291
11.293
11.295
11.297
11.299
11.3
11.302
11.304
11.306
11.308
11.309
11.311
11.313
11.315
11.317
11.318
11.32
11.322
11.324
11.326
11.327
11.329
11.331
11.333
11.335
11.336
11.338
11.34
11.342
11.344
11.345
11.347
11.349
11.351
11.353
11.354
11.356
11.358
11.36
11.362
11.363
11.365
11.367
11.369
11.371
11.372
11.374
11.376
11.378
11.38
11.381
11.383
11.385
11.387
11.389
11.39
11.392
11.394
11.396
11.398
11.399
11.401
11.403
11.405
11.407
11.408
11.41
11.412
11.414
11.416
11.417
11.419
11.421
11.423
11.425
11.426
11.428
11.43
11.432
11.434
11.435
11.437
11.439
11.441
11.443
11.444
11.446
11.448
11.45
11.452
11.453
11.455
11.457
11.459
11.461
11.462
11.464
11.466
11.468
11.47
11.471
11.473
11.475
11.477
11.479
11.48
11.482
11.484
11.486
11.488
11.489
11.491
11.493
11.495
11.497
11.498
11.5
11.502
11.504
11.506
11.507
11.509
11.511
11.513
11.515
11.516
11.518
11.52
11.522
11.524
11.525
11.527
11.529
11.531
11.533
11.534
11.536
11.538
11.54
11.542
11.543
11.545
11.547
11.549
11.551
11.552
11.554
11.556
11.558
11.56
11.561
11.563
11.565
11.567
11.569
11.57
11.572
11.574
11.576
11.578
11.579
11.581
11.583
11.585
11.587
11.588
11.59
11.592
11.594
11.596
11.597
11.599
11.601
11.603
11.605
11.606
11.608
11.61
11.612
11.614
11.615
11.617
11.619
11.621
11.623
11.624
11.626
11.628
11.63
11.632
11.633
11.635
11.637
11.639
11.641
11.642
11.644
11.646
11.648
11.65
11.651
11.653
11.655
11.657
11.659
11.66
11.662
11.664
11.666
11.668
11.669
11.671
11.673
11.675
11.677
11.678
11.68
11.682
11.684
11.686
11.687
11.689
11.691
11.693
11.695
11.696
11.698
11.7
11.702
11.704
11.705
11.707
11.709
11.711
11.713
11.714
11.716
11.718
11.72
11.722
11.723
11.725
11.727
11.729
11.731
11.732
11.734
11.736
11.738
11.74
11.741
11.743
11.745
11.747
11.749
11.75
11.752
11.754
11.756
11.758
11.759
11.761
11.763
11.765
11.767
11.768
11.77
11.772
11.774
11.776
11.777
11.779
11.781
11.783
11.785
11.786
11.788
11.79
11.792
11.794
11.795
11.797
11.799
11.801
11.803
11.804
11.806
11.808
11.81
11.812
11.813
11.815
11.817
11.819
11.821
11.822
11.824
11.826
11.828
11.83
11.831
11.833
11.835
11.837
11.839
11.84
11.842
11.844
11.846
11.848
11.849
11.851
11.853
11.855
11.857
11.858
11.86
11.862
11.864
11.866
11.867
11.869
11.871
11.873
11.875
11.876
11.878
11.88
11.882
11.884
11.885
11.887
11.889
11.891
11.893
11.894
11.896
11.898
11.9
11.902
11.903
11.905
11.907
11.909
11.911
11.912
11.914
11.916
11.918
11.92
11.921
11.923
11.925
11.927
11.929
11.93
11.932
11.934
11.936
11.938
11.939
11.941
11.943
11.945
11.947
11.948
11.95
11.952
11.954
11.956
11.957
11.959
11.961
11.963
11.965
11.966
11.968
11.97
11.972
11.974
11.975
11.977
11.979
11.981
11.983
11.984
11.986
11.988
11.99
11.992
11.993
11.995
11.997
11.999
12.001
12.002
12.004
12.006
12.008
12.01
12.011
12.013
12.015
12.017
12.019
12.02
12.022
12.024
12.026
12.028
12.029
12.031
12.033
12.035
12.037
12.038
12.04
12.042
12.044
12.046
12.047
12.049
12.051
12.053
12.055
12.056
12.058
12.06
12.062
12.064
12.065
12.067
12.069
12.071
12.073
12.074
12.076
12.078
12.08
12.082
12.083
12.085
12.087
12.089
12.091
12.092
12.094
12.096
12.098
12.1
12.101
12.103
12.105
12.107
12.109
12.11
12.112
12.114
12.116
12.118
12.119
12.121
12.123
12.125
12.127
12.128
12.13
12.132
12.134
12.136
12.137
12.139
12.141
12.143
12.145
12.146
12.148
12.15
12.152
12.154
12.155
12.157
12.159
12.161
12.163
12.164
12.166
12.168
12.17
12.172
12.173
12.175
12.177
12.179
12.181
12.182
12.184
12.186
12.188
12.19
12.191
12.193
12.195
12.197
12.199
12.2
12.202
12.204
12.206
12.208
12.209
12.211
12.213
12.215
12.217
12.218
12.22
12.222
12.224
12.226
12.227
12.229
12.231
12.233
12.235
12.236
12.238
12.24
12.242
12.244
12.245
12.247
12.249
12.251
12.253
12.254
12.256
12.258
12.26
12.262
12.263
12.265
12.267
12.269
12.271
12.272
12.274
12.276
12.278
12.28
12.281
12.283
12.285
12.287
12.289
12.29
12.292
12.294
12.296
12.298
12.299
12.301
12.303
12.305
12.307
12.308
12.31
12.312
12.314
12.316
12.317
12.319
12.321
12.323
12.325
12.326
12.328
12.33
12.332
12.334
12.335
12.337
12.339
12.341
12.343
12.344
12.346
12.348
12.35
12.352
12.353
12.355
12.357
12.359
12.361
12.362
12.364
12.366
12.368
12.37
12.371
12.373
12.375
12.377
12.379
12.38
12.382
12.384
12.386
12.388
12.389
12.391
12.393
12.395
12.397
12.398
12.4
12.402
12.404
12.406
12.407
12.409
12.411
12.413
12.415
12.416
12.418
12.42
12.422
12.424
12.425
12.427
12.429
12.431
12.433
12.434
12.436
12.438
12.44
12.442
12.443
12.445
12.447
12.449
12.451
12.452
12.454
12.456
12.458
12.46
12.461
12.463
12.465
12.467
12.469
12.47
12.472
12.474
12.476
12.478
12.479
12.481
12.483
12.485
12.487
12.488
12.49
12.492
12.494
12.496
12.497
12.499
12.501
12.503
12.505
12.506
12.508
12.51
12.512
12.514
12.515
12.517
12.519
12.521
12.523
12.524
12.526
12.528
12.53
12.532
12.533
12.535
12.537
12.539
12.541
12.542
12.544
12.546
12.548
12.55
12.551
12.553
12.555
12.557
12.559
12.56
12.562
12.564
12.566
12.568
12.569
12.571
12.573
12.575
12.577
12.578
12.58
12.582
12.584
12.586
12.587
12.589
12.591
12.593
12.595
12.596
12.598
12.6
12.602
12.604
12.605
12.607
12.609
12.611
12.613
12.614
12.616
12.618
12.62
12.622
12.623
12.625
12.627
12.629
12.631
12.632
12.634
12.636
12.638
12.64
12.641
12.643
12.645
12.647
12.649
12.65
12.652
12.654
12.656
12.658
12.659
12.661
12.663
12.665
12.667
12.668
12.67
12.672
12.674
12.676
12.677
12.679
12.681
12.683
12.685
12.686
12.688
12.69
12.692
12.694
12.695
12.697
12.699
12.701
12.703
12.704
12.706
12.708
12.71
12.712
12.713
12.715
12.717
12.719
12.721
12.722
12.724
12.726
12.728
12.73
12.731
12.733
12.735
12.737
12.739
12.74
12.742
12.744
12.746
12.748
12.749
12.751
12.753
12.755
12.757
12.758
12.76
12.762
12.764
12.766
12.767
12.769
12.771
12.773
12.775
12.776
12.778
12.78
12.782
12.784
12.785
12.787
12.789
12.791
12.793
12.794
12.796
12.798
12.8
12.802
12.803
12.805
12.807
12.809
12.811
12.812
12.814
12.816
12.818
12.82
12.821
12.823
12.825
12.827
12.829
12.83
12.832
12.834
12.836
12.838
12.839
12.841
12.843
12.845
12.847
12.848
12.85
12.852
12.854
12.856
12.857
12.859
12.861
12.863
12.865
12.866
12.868
12.87
12.872
12.874
12.875
12.877
12.879
12.881
12.883
12.884
12.886
12.888
12.89
12.892
12.893
12.895
12.897
12.899
12.901
12.902
12.904
12.906
12.908
12.91
12.911
12.913
12.915
12.917
12.919
12.92
12.922
12.924
12.926
12.928
12.929
12.931
12.933
12.935
12.937
12.938
12.94
12.942
12.944
12.946
12.947
12.949
12.951
12.953
12.955
12.956
12.958
12.96
12.962
12.964
12.965
12.967
12.969
12.971
12.973
12.974
12.976
12.978
12.98
12.982
12.983
12.985
12.987
12.989
12.991
12.992
12.994
12.996
12.998
13
13.001
13.003
13.005
13.007
13.009
13.01
13.012
13.014
13.016
13.018
13.019
13.021
13.023
13.025
13.027
13.028
13.03
13.032
13.034
13.036
13.037
13.039
13.041
13.043
13.045
13.046
13.048
13.05
13.052
13.054
13.055
13.057
13.059
13.061
13.063
13.064
13.066
13.068
13.07
13.072
13.073
13.075
13.077
13.079
13.081
13.082
13.084
13.086
13.088
13.09
13.091
13.093
13.095
13.097
13.099
13.1
13.102
13.104
13.106
13.108
13.109
13.111
13.113
13.115
13.117
13.118
13.12
13.122
13.124
13.126
13.127
13.129
13.131
13.133
13.135
13.136
13.138
13.14
13.142
13.144
13.145
13.147
13.149
13.151
13.153
13.154
13.156
13.158
13.16
13.162
13.163
13.165
13.167
13.169
13.171
13.172
13.174
13.176
13.178
13.18
13.181
13.183
13.185
13.187
13.189
13.19
13.192
13.194
13.196
13.198
13.199
13.201
13.203
13.205
13.207
13.208
13.21
13.212
13.214
13.216
13.217
13.219
13.221
13.223
13.225
13.226
13.228
13.23
13.232
13.234
13.235
13.237
13.239
13.241
13.243
13.244
13.246
13.248
13.25
13.252
13.253
13.255
13.257
13.259
13.261
13.262
13.264
13.266
13.268
13.27
13.271
13.273
13.275
13.277
13.279
13.28
13.282
13.284
13.286
13.288
13.289
13.291
13.293
13.295
13.297
13.298
13.3
13.302
13.304
13.306
13.307
13.309
13.311
13.313
13.315
13.316
13.318
13.32
13.322
13.324
13.325
13.327
13.329
13.331
13.333
13.334
13.336
13.338
13.34
13.342
13.343
13.345
13.347
13.349
13.351
13.352
13.354
13.356
13.358
13.36
13.361
13.363
13.365
13.367
13.369
13.37
13.372
13.374
13.376
13.378
13.379
13.381
13.383
13.385
13.387
13.388
13.39
13.392
13.394
13.396
13.397
13.399
13.401
13.403
13.405
13.406
13.408
13.41
13.412
13.414
13.415
13.417
13.419
13.421
13.423
13.424
13.426
13.428
13.43
13.432
13.433
13.435
13.437
13.439
13.441
13.442
13.444
13.446
13.448
13.45
13.451
13.453
13.455
13.457
13.459
13.46
13.462
13.464
13.466
13.468
13.469
13.471
13.473
13.475
13.477
13.478
13.48
13.482
13.484
13.486
13.487
13.489
13.491
13.493
13.495
13.496
13.498
13.5
13.502
13.504
13.505
13.507
13.509
13.511
13.513
13.514
13.516
13.518
13.52
13.522
13.523
13.525
13.527
13.529
13.531
13.532
13.534
13.536
13.538
13.54
13.541
13.543
13.545
13.547
13.549
13.55
13.552
13.554
13.556
13.558
13.559
13.561
13.563
13.565
13.567
13.568
13.57
13.572
13.574
13.576
13.577
13.579
13.581
13.583
13.585
13.586
13.588
13.59
13.592
13.594
13.595
13.597
13.599
13.601
13.603
13.604
13.606
13.608
13.61
13.612
13.613
13.615
13.617
13.619
13.621
13.622
13.624
13.626
13.628
13.63
13.631
13.633
13.635
13.637
13.639
13.64
13.642
13.644
13.646
13.648
13.649
13.651
13.653
13.655
13.657
13.658
13.66
13.662
13.664
13.666
13.667
13.669
13.671
13.673
13.675
13.676
13.678
13.68
13.682
13.684
13.685
13.687
13.689
13.691
13.693
13.694
13.696
13.698
13.7
13.702
13.703
13.705
13.707
13.709
13.711
13.712
13.714
13.716
13.718
13.72
13.721
13.723
13.725
13.727
13.729
13.73
13.732
13.734
13.736
13.738
13.739
13.741
13.743
13.745
13.747
13.748
13.75
13.752
13.754
13.756
13.757
13.759
13.761
13.763
13.765
13.766
13.768
13.77
13.772
13.774
13.775
13.777
13.779
13.781
13.783
13.784
13.786
13.788
13.79
13.792
13.793
13.795
13.797
13.799
13.801
13.802
13.804
13.806
13.808
13.81
13.811
13.813
13.815
13.817
13.819
13.82
13.822
13.824
13.826
13.828
13.829
13.831
13.833
13.835
13.837
13.838
13.84
13.842
13.844
13.846
13.847
13.849
13.851
13.853
13.855
13.856
13.858
13.86
13.862
13.864
13.865
13.867
13.869
13.871
13.873
13.874
13.876
13.878
13.88
13.882
13.883
13.885
13.887
13.889
13.891
13.892
13.894
13.896
13.898
13.9
13.901
13.903
13.905
13.907
13.909
13.91
13.912
13.914
13.916
13.918
13.919
13.921
13.923
13.925
13.927
13.928
13.93
13.932
13.934
13.936
13.937
13.939
13.941
13.943
13.945
13.946
13.948
13.95
13.952
13.954
13.955
13.957
13.959
13.961
13.963
13.964
13.966
13.968
13.97
13.972
13.973
13.975
13.977
13.979
13.981
13.982
13.984
13.986
13.988
13.99
13.991
13.993
13.995
13.997
13.999
14
14.002
14.004
14.006
14.008
14.009
14.011
14.013
14.015
14.017
14.018
14.02
14.022
14.024
14.026
14.027
14.029
14.031
14.033
14.035
14.036
14.038
14.04
14.042
14.044
14.045
14.047
14.049
14.051
14.053
14.054
14.056
14.058
14.06
14.062
14.063
14.065
14.067
14.069
14.071
14.072
14.074
14.076
14.078
14.08
14.081
14.083
14.085
14.087
14.089
14.09
14.092
14.094
14.096
14.098
14.099
14.101
14.103
14.105
14.107
14.108
14.11
14.112
14.114
14.116
14.117
14.119
14.121
14.123
14.125
14.126
14.128
14.13
14.132
14.134
14.135
14.137
14.139
14.141
14.143
14.144
14.146
14.148
14.15
14.152
14.153
14.155
14.157
14.159
14.161
14.162
14.164
14.166
14.168
14.17
14.171
14.173
14.175
14.177
14.179
14.18
14.182
14.184
14.186
14.188
14.189
14.191
14.193
14.195
14.197
14.198
14.2
14.202
14.204
14.206
14.207
14.209
14.211
14.213
14.215
14.216
14.218
14.22
14.222
14.224
14.225
14.227
14.229
14.231
14.233
14.234
14.236
14.238
14.24
14.242
14.243
14.245
14.247
14.249
14.251
14.252
14.254
14.256
14.258
14.26
14.261
14.263
14.265
14.267
14.269
14.27
14.272
14.274
14.276
14.278
14.279
14.281
14.283
14.285
14.287
14.288
14.29
14.292
14.294
14.296
14.297
14.299
14.301
14.303
14.305
14.306
14.308
14.31
14.312
14.314
14.315
14.317
14.319
14.321
14.323
14.324
14.326
14.328
14.33
14.332
14.333
14.335
14.337
14.339
14.341
14.342
14.344
14.346
14.348
14.35
14.351
14.353
14.355
14.357
14.359
14.36
14.362
14.364
14.366
14.368
14.369
14.371
14.373
14.375
14.377
14.378
14.38
14.382
14.384
14.386
14.387
14.389
14.391
14.393
14.395
14.396
14.398
14.4
14.402
14.404
14.405
14.407
14.409
14.411
14.413
14.414
14.416
14.418
14.42
14.422
14.423
14.425
14.427
14.429
14.431
14.432
14.434
14.436
14.438
14.44
14.441
14.443
14.445
14.447
14.449
14.45
14.452
14.454
14.456
14.458
14.459
14.461
14.463
14.465
14.467
14.468
14.47
14.472
14.474
14.476
14.477
14.479
14.481
14.483
14.485
14.486
14.488
14.49
14.492
14.494
14.495
14.497
14.499
14.501
14.503
14.504
14.506
14.508
14.51
14.512
14.513
14.515
14.517
14.519
14.521
14.522
14.524
14.526
14.528
14.53
14.531
14.533
14.535
14.537
14.539
14.54
14.542
14.544
14.546
14.548
14.549
14.551
14.553
14.555
14.557
14.558
14.56
14.562
14.564
14.566
14.567
14.569
14.571
14.573
14.575
14.576
14.578
14.58
14.582
14.584
14.585
14.587
14.589
14.591
14.593
14.594
14.596
14.598
14.6
14.602
14.603
14.605
14.607
14.609
14.611
14.612
14.614
14.616
14.618
14.62
14.621
14.623
14.625
14.627
14.629
14.63
14.632
14.634
14.636
14.638
14.639
14.641
14.643
14.645
14.647
14.648
14.65
14.652
14.654
14.656
14.657
14.659
14.661
14.663
14.665
14.666
14.668
14.67
14.672
14.674
14.675
14.677
14.679
14.681
14.683
14.684
14.686
14.688
14.69
14.692
14.693
14.695
14.697
14.699
14.701
14.702
14.704
14.706
14.708
14.71
14.711
14.713
14.715
14.717
14.719
14.72
14.722
14.724
14.726
14.728
14.729
14.731
14.733
14.735
14.737
14.738
14.74
14.742
14.744
14.746
14.747
14.749
14.751
14.753
14.755
14.756
14.758
14.76
14.762
14.764
14.765
14.767
14.769
14.771
14.773
14.774
14.776
14.778
14.78
14.782
14.783
14.785
14.787
14.789
14.791
14.792
14.794
14.796
14.798
14.8
14.801
14.803
14.805
14.807
14.809
14.81
14.812
14.814
14.816
14.818
14.819
14.821
14.823
14.825
14.827
14.828
14.83
14.832
14.834
14.836
14.837
14.839
14.841
14.843
14.845
14.846
14.848
14.85
14.852
14.854
14.855
14.857
14.859
14.861
14.863
14.864
14.866
14.868
14.87
14.872
14.873
14.875
14.877
14.879
14.881
14.882
14.884
14.886
14.888
14.89
14.891
14.893
14.895
14.897
14.899
14.9
14.902
14.904
14.906
14.908
14.909
14.911
14.913
14.915
14.917
14.918
14.92
14.922
14.924
14.926
14.927
14.929
14.931
14.933
14.935
14.936
14.938
14.94
14.942
14.944
14.945
14.947
14.949
14.951
14.953
14.954
14.956
14.958
14.96
14.962
14.963
14.965
14.967
14.969
14.971
14.972
14.974
14.976
14.978
14.98
14.981
14.983
14.985
14.987
14.989
14.99
14.992
14.994
14.996
14.998
14.999
15.001
15.003
15.005
15.007
15.008
15.01
15.012
15.014
15.016
15.017
15.019
15.021
15.023
15.025
15.026
15.028
15.03
15.032
15.034
15.035
15.037
15.039
15.041
15.043
15.044
15.046
15.048
15.05
15.052
15.053
15.055
15.057
15.059
15.061
15.062
15.064
15.066
15.068
15.07
15.071
15.073
15.075
15.077
15.079
15.08
15.082
15.084
15.086
15.088
15.089
15.091
15.093
15.095
15.097
15.098
15.1
15.102
15.104
15.106
15.107
15.109
15.111
15.113
15.115
15.116
15.118
15.12
15.122
15.124
15.125
15.127
15.129
15.131
15.133
15.134
15.136
15.138
15.14
15.142
15.143
15.145
15.147
15.149
15.151
15.152
15.154
15.156
15.158
15.16
15.161
15.163
15.165
15.167
15.169
15.17
15.172
15.174
15.176
15.178
15.179
15.181
15.183
15.185
15.187
15.188
15.19
15.192
15.194
15.196
15.197
15.199
15.201
15.203
15.205
15.206
15.208
15.21
15.212
15.214
15.215
15.217
15.219
15.221
15.223
15.224
15.226
15.228
15.23
15.232
15.233
15.235
15.237
15.239
15.241
15.242
15.244
15.246
15.248
15.25
15.251
15.253
15.255
15.257
15.259
15.26
15.262
15.264
15.266
15.268
15.269
15.271
15.273
15.275
15.277
15.278
15.28
15.282
15.284
15.286
15.287
15.289
15.291
15.293
15.295
15.296
15.298
15.3
15.302
15.304
15.305
15.307
15.309
15.311
15.313
15.314
15.316
15.318
15.32
15.322
15.323
15.325
15.327
15.329
15.331
15.332
15.334
15.336
15.338
15.34
15.341
15.343
15.345
15.347
15.349
15.35
15.352
15.354
15.356
15.358
15.359
15.361
15.363
15.365
15.367
15.368
15.37
15.372
15.374
15.376
15.377
15.379
15.381
15.383
15.385
15.386
15.388
15.39
15.392
15.394
15.395
15.397
15.399
15.401
15.403
15.404
15.406
15.408
15.41
15.412
15.413
15.415
15.417
15.419
15.421
15.422
15.424
15.426
15.428
15.43
15.431
15.433
15.435
15.437
15.439
15.44
15.442
15.444
15.446
15.448
15.449
15.451
15.453
15.455
15.457
15.458
15.46
15.462
15.464
15.466
15.467
15.469
15.471
15.473
15.475
15.476
15.478
15.48
15.482
15.484
15.485
15.487
15.489
15.491
15.493
15.494
15.496
15.498
15.5
15.502
15.503
15.505
15.507
15.509
15.511
15.512
15.514
15.516
15.518
15.52
15.521
15.523
15.525
15.527
15.529
15.53
15.532
15.534
15.536
15.538
15.539
15.541
15.543
15.545
15.547
15.548
15.55
15.552
15.554
15.556
15.557
15.559
15.561
15.563
15.565
15.566
15.568
15.57
15.572
15.574
15.575
15.577
15.579
15.581
15.583
15.584
15.586
15.588
15.59
15.592
15.593
15.595
15.597
15.599
15.601
15.602
15.604
15.606
15.608
15.61
15.611
15.613
15.615
15.617
15.619
15.62
15.622
15.624
15.626
15.628
15.629
15.631
15.633
15.635
15.637
15.638
15.64
15.642
15.644
15.646
15.647
15.649
15.651
15.653
15.655
15.656
15.658
15.66
15.662
15.664
15.665
15.667
15.669
15.671
15.673
15.674
15.676
15.678
15.68
15.682
15.683
15.685
15.687
15.689
15.691
15.692
15.694
15.696
15.698
15.7
15.701
15.703
15.705
15.707
15.709
15.71
15.712
15.714
15.716
15.718
15.719
15.721
15.723
15.725
15.727
15.728
15.73
15.732
15.734
15.736
15.737
15.739
15.741
15.743
15.745
15.746
15.748
15.75
15.752
15.754
15.755
15.757
15.759
15.761
15.763
15.764
15.766
15.768
15.77
15.772
15.773
15.775
15.777
15.779
15.781
15.782
15.784
15.786
15.788
15.79
15.791
15.793
15.795
15.797
15.799
15.8
15.802
15.804
15.806
15.808
15.809
15.811
15.813
15.815
15.817
15.818
15.82
15.822
15.824
15.826
15.827
15.829
15.831
15.833
15.835
15.836
15.838
15.84
15.842
15.844
15.845
15.847
15.849
15.851
15.853
15.854
15.856
15.858
15.86
15.862
15.863
15.865
15.867
15.869
15.871
15.872
15.874
15.876
15.878
15.88
15.881
15.883
15.885
15.887
15.889
15.89
15.892
15.894
15.896
15.898
15.899
15.901
15.903
15.905
15.907
15.908
15.91
15.912
15.914
15.916
15.917
15.919
15.921
15.923
15.925
15.926
15.928
15.93
15.932
15.934
15.935
15.937
15.939
15.941
15.943
15.944
15.946
15.948
15.95
15.952
15.953
15.955
15.957
15.959
15.961
15.962
15.964
15.966
15.968
15.97
15.971
15.973
15.975
15.977
15.979
15.98
15.982
15.984
15.986
15.988
15.989
15.991
15.993
15.995
15.997
15.998
16
16.002
16.004
16.006
16.007
16.009
16.011
16.013
16.015
16.016
16.018
16.02
16.022
16.024
16.025
16.027
16.029
16.031
16.033
16.034
16.036
16.038
16.04
16.042
16.043
16.045
16.047
16.049
16.051
16.052
16.054
16.056
16.058
16.06
16.061
16.063
16.065
16.067
16.069
16.07
16.072
16.074
16.076
16.078
16.079
16.081
16.083
16.085
16.087
16.088
16.09
16.092
16.094
16.096
16.097
16.099
16.101
16.103
16.105
16.106
16.108
16.11
16.112
16.114
16.115
16.117
16.119
16.121
16.123
16.124
16.126
16.128
16.13
16.132
16.133
16.135
16.137
16.139
16.141
16.142
16.144
16.146
16.148
16.15
16.151
16.153
16.155
16.157
16.159
16.16
16.162
16.164
16.166
16.168
16.169
16.171
16.173
16.175
16.177
16.178
16.18
16.182
16.184
16.186
16.187
16.189
16.191
16.193
16.195
16.196
16.198
16.2
16.202
16.204
16.205
16.207
16.209
16.211
16.213
16.214
16.216
16.218
16.22
16.222
16.223
16.225
16.227
16.229
16.231
16.232
16.234
16.236
16.238
16.24
16.241
16.243
16.245
16.247
16.249
16.25
16.252
16.254
16.256
16.258
16.259
16.261
16.263
16.265
16.267
16.268
16.27
16.272
16.274
16.276
16.277
16.279
16.281
16.283
16.285
16.286
16.288
16.29
16.292
16.294
16.295
16.297
16.299
16.301
16.303
16.304
16.306
16.308
16.31
16.312
16.313
16.315
16.317
16.319
16.321
16.322
16.324
16.326
16.328
16.33
16.331
16.333
16.335
16.337
16.339
16.34
16.342
16.344
16.346
16.348
16.349
16.351
16.353
16.355
16.357
16.358
16.36
16.362
16.364
16.366
16.367
16.369
16.371
16.373
16.375
16.376
16.378
16.38
16.382
16.384
16.385
16.387
16.389
16.391
16.393
16.394
16.396
16.398
16.4
16.402
16.403
16.405
16.407
16.409
16.411
16.412
16.414
16.416
16.418
16.42
16.421
16.423
16.425
16.427
16.429
16.43
16.432
16.434
16.436
16.438
16.439
16.441
16.443
16.445
16.447
16.448
16.45
16.452
16.454
16.456
16.457
16.459
16.461
16.463
16.465
16.466
16.468
16.47
16.472
16.474
16.475
16.477
16.479
16.481
16.483
16.484
16.486
16.488
16.49
16.492
16.493
16.495
16.497
16.499
16.501
16.502
16.504
16.506
16.508
16.51
16.511
16.513
16.515
16.517
16.519
16.52
16.522
16.524
16.526
16.528
16.529
16.531
16.533
16.535
16.537
16.538
16.54
16.542
16.544
16.546
16.547
16.549
16.551
16.553
16.555
16.556
16.558
16.56
16.562
16.564
16.565
16.567
16.569
16.571
16.573
16.574
16.576
16.578
16.58
16.582
16.583
16.585
16.587
16.589
16.591
16.592
16.594
16.596
16.598
16.6
16.601
16.603
16.605
16.607
16.609
16.61
16.612
16.614
16.616
16.618
16.619
16.621
16.623
16.625
16.627
16.628
16.63
16.632
16.634
16.636
16.637
16.639
16.641
16.643
16.645
16.646
16.648
16.65
16.652
16.654
16.655
16.657
16.659
16.661
16.663
16.664
16.666
16.668
16.67
16.672
16.673
16.675
16.677
16.679
16.681
16.682
16.684
16.686
16.688
16.69
16.691
16.693
16.695
16.697
16.699
16.7
16.702
16.704
16.706
16.708
16.709
16.711
16.713
16.715
16.717
16.718
16.72
16.722
16.724
16.726
16.727
16.729
16.731
16.733
16.735
16.736
16.738
16.74
16.742
16.744
16.745
16.747
16.749
16.751
16.753
16.754
16.756
16.758
16.76
16.762
16.763
16.765
16.767
16.769
16.771
16.772
16.774
16.776
16.778
16.78
16.781
16.783
16.785
16.787
16.789
16.79
16.792
16.794
16.796
16.798
16.799
16.801
16.803
16.805
16.807
16.808
16.81
16.812
16.814
16.816
16.817
16.819
16.821
16.823
16.825
16.826
16.828
16.83
16.832
16.834
16.835
16.837
16.839
16.841
16.843
16.844
16.846
16.848
16.85
16.852
16.853
16.855
16.857
16.859
16.861
16.862
16.864
16.866
16.868
16.87
16.871
16.873
16.875
16.877
16.879
16.88
16.882
16.884
16.886
16.888
16.889
16.891
16.893
16.895
16.897
16.898
16.9
16.902
16.904
16.906
16.907
16.909
16.911
16.913
16.915
16.916
16.918
16.92
16.922
16.924
16.925
16.927
16.929
16.931
16.933
16.934
16.936
16.938
16.94
16.942
16.943
16.945
16.947
16.949
16.951
16.952
16.954
16.956
16.958
16.96
16.961
16.963
16.965
16.967
16.969
16.97
16.972
16.974
16.976
16.978
16.979
16.981
16.983
16.985
16.987
16.988
16.99
16.992
16.994
16.996
16.997
16.999
17.001
17.003
17.005
17.006
17.008
17.01
17.012
17.014
17.015
17.017
17.019
17.021
17.023
17.024
17.026
17.028
17.03
17.032
17.033
17.035
17.037
17.039
17.041
17.042
17.044
17.046
17.048
17.05
17.051
17.053
17.055
17.057
17.059
17.06
17.062
17.064
17.066
17.068
17.069
17.071
17.073
17.075
17.077
17.078
17.08
17.082
17.084
17.086
17.087
17.089
17.091
17.093
17.095
17.096
17.098
17.1
17.102
17.104
17.105
17.107
17.109
17.111
17.113
17.114
17.116
17.118
17.12
17.122
17.123
17.125
17.127
17.129
17.131
17.132
17.134
17.136
17.138
17.14
17.141
17.143
17.145
17.147
17.149
17.15
17.152
17.154
17.156
17.158
17.159
17.161
17.163
17.165
17.167
17.168
17.17
17.172
17.174
17.176
17.177
17.179
17.181
17.183
17.185
17.186
17.188
17.19
17.192
17.194
17.195
17.197
17.199
17.201
17.203
17.204
17.206
17.208
17.21
17.212
17.213
17.215
17.217
17.219
17.221
17.222
17.224
17.226
17.228
17.23
17.231
17.233
17.235
17.237
17.239
17.24
17.242
17.244
17.246
17.248
17.249
17.251
17.253
17.255
17.257
17.258
17.26
17.262
17.264
17.266
17.267
17.269
17.271
17.273
17.275
17.276
17.278
17.28
17.282
17.284
17.285
17.287
17.289
17.291
17.293
17.294
17.296
17.298
17.3
17.302
17.303
17.305
17.307
17.309
17.311
17.312
17.314
17.316
17.318
17.32
17.321
17.323
17.325
17.327
17.329
17.33
17.332
17.334
17.336
17.338
17.339
17.341
17.343
17.345
17.347
17.348
17.35
17.352
17.354
17.356
17.357
17.359
17.361
17.363
17.365
17.366
17.368
17.37
17.372
17.374
17.375
17.377
17.379
17.381
17.383
17.384
17.386
17.388
17.39
17.392
17.393
17.395
17.397
17.399
17.401
17.402
17.404
17.406
17.408
17.41
17.411
17.413
17.415
17.417
17.419
17.42
17.422
17.424
17.426
17.428
17.429
17.431
17.433
17.435
17.437
17.438
17.44
17.442
17.444
17.446
17.447
17.449
17.451
17.453
17.455
17.456
17.458
17.46
17.462
17.464
17.465
17.467
17.469
17.471
17.473
17.474
17.476
17.478
17.48
17.482
17.483
17.485
17.487
17.489
17.491
17.492
17.494
17.496
17.498
17.5
17.501
17.503
17.505
17.507
17.509
17.51
17.512
17.514
17.516
17.518
17.519
17.521
17.523
17.525
17.527
17.528
17.53
17.532
17.534
17.536
17.537
17.539
17.541
17.543
17.545
17.546
17.548
17.55
17.552
17.554
17.555
17.557
17.559
17.561
17.563
17.564
17.566
17.568
17.57
17.572
17.573
17.575
17.577
17.579
17.581
17.582
17.584
17.586
17.588
17.59
17.591
17.593
17.595
17.597
17.599
17.6
17.602
17.604
17.606
17.608
17.609
17.611
17.613
17.615
17.617
17.618
17.62
17.622
17.624
17.626
17.627
17.629
17.631
17.633
17.635
17.636
17.638
17.64
17.642
17.644
17.645
17.647
17.649
17.651
17.653
17.654
17.656
17.658
17.66
17.662
17.663
17.665
17.667
17.669
17.671
17.672
17.674
17.676
17.678
17.68
17.681
17.683
17.685
17.687
17.689
17.69
17.692
17.694
17.696
17.698
17.699
17.701
17.703
17.705
17.707
17.708
17.71
17.712
17.714
17.716
17.717
17.719
17.721
17.723
17.725
17.726
17.728
17.73
17.732
17.734
17.735
17.737
17.739
17.741
17.743
17.744
17.746
17.748
17.75
17.752
17.753
17.755
17.757
17.759
17.761
17.762
17.764
17.766
17.768
17.77
17.771
17.773
17.775
17.777
17.779
17.78
17.782
17.784
17.786
17.788
17.789
17.791
17.793
17.795
17.797
17.798
17.8
17.802
17.804
17.806
17.807
17.809
17.811
17.813
17.815
17.816
17.818
17.82
17.822
17.824
17.825
17.827
17.829
17.831
17.833
17.834
17.836
17.838
17.84
17.842
17.843
17.845
17.847
17.849
17.851
17.852
17.854
17.856
17.858
17.86
17.861
17.863
17.865
17.867
17.869
17.87
17.872
17.874
17.876
17.878
17.879
17.881
17.883
17.885
17.887
17.888
17.89
17.892
17.894
17.896
17.897
17.899
17.901
17.903
17.905
17.906
17.908
17.91
17.912
17.914
17.915
17.917
17.919
17.921
17.923
17.924
17.926
17.928
17.93
17.932
17.933
17.935
17.937
17.939
17.941
17.942
17.944
17.946
17.948
17.95
17.951
17.953
17.955
17.957
17.959
17.96
17.962
17.964
17.966
17.968
17.969
17.971
17.973
17.975
17.977
17.978
17.98
17.982
17.984
17.986
17.987
17.989
17.991
17.993
17.995
17.996
17.998
18
18.002
18.004
18.005
18.007
18.009
18.011
18.013
18.014
18.016
18.018
18.02
18.022
18.023
18.025
18.027
18.029
18.031
18.032
18.034
18.036
18.038
18.04
18.041
18.043
18.045
18.047
18.049
18.05
18.052
18.054
18.056
18.058
18.059
18.061
18.063
18.065
18.067
18.068
18.07
18.072
18.074
18.076
18.077
18.079
18.081
18.083
18.085
18.086
18.088
18.09
18.092
18.094
18.095
18.097
18.099
18.101
18.103
18.104
18.106
18.108
18.11
18.112
18.113
18.115
18.117
18.119
18.121
18.122
18.124
18.126
18.128
18.13
18.131
18.133
18.135
18.137
18.139
18.14
18.142
18.144
18.146
18.148
18.149
18.151
18.153
18.155
18.157
18.158
18.16
18.162
18.164
18.166
18.167
18.169
18.171
18.173
18.175
18.176
18.178
18.18
18.182
18.184
18.185
18.187
18.189
18.191
18.193
18.194
18.196
18.198
18.2
18.202
18.203
18.205
18.207
18.209
18.211
18.212
18.214
18.216
18.218
18.22
18.221
18.223
18.225
18.227
18.229
18.23
18.232
18.234
18.236
18.238
18.239
18.241
18.243
18.245
18.247
18.248
18.25
18.252
18.254
18.256
18.257
18.259
18.261
18.263
18.265
18.266
18.268
18.27
18.272
18.274
18.275
18.277
18.279
18.281
18.283
18.284
18.286
18.288
18.29
18.292
18.293
18.295
18.297
18.299
18.301
18.302
18.304
18.306
18.308
18.31
18.311
18.313
18.315
18.317
18.319
18.32
18.322
18.324
18.326
18.328
18.329
18.331
18.333
18.335
18.337
18.338
18.34
18.342
18.344
18.346
18.347
18.349
18.351
18.353
18.355
18.356
18.358
18.36
18.362
18.364
18.365
18.367
18.369
18.371
18.373
18.374
18.376
18.378
18.38
18.382
18.383
18.385
18.387
18.389
18.391
18.392
18.394
18.396
18.398
18.4
18.401
18.403
18.405
18.407
18.409
18.41
18.412
18.414
18.416
18.418
18.419
18.421
18.423
18.425
18.427
18.428
18.43
18.432
18.434
18.436
18.437
18.439
18.441
18.443
18.445
18.446
18.448
18.45
18.452
18.454
18.455
18.457
18.459
18.461
18.463
18.464
18.466
18.468
18.47
18.472
18.473
18.475
18.477
18.479
18.481
18.482
18.484
18.486
18.488
18.49
18.491
18.493
18.495
18.497
18.499
18.5
18.502
18.504
18.506
18.508
18.509
18.511
18.513
18.515
18.517
18.518
18.52
18.522
18.524
18.526
18.527
18.529
18.531
18.533
18.535
18.536
18.538
18.54
18.542
18.544
18.545
18.547
18.549
18.551
18.553
18.554
18.556
18.558
18.56
18.562
18.563
18.565
18.567
18.569
18.571
18.572
18.574
18.576
18.578
18.58
18.581
18.583
18.585
18.587
18.589
18.59
18.592
18.594
18.596
18.598
18.599
18.601
18.603
18.605
18.607
18.608
18.61
18.612
18.614
18.616
18.617
18.619
18.621
18.623
18.625
18.626
18.628
18.63
18.632
18.634
18.635
18.637
18.639
18.641
18.643
18.644
18.646
18.648
18.65
18.652
18.653
18.655
18.657
18.659
18.661
18.662
18.664
18.666
18.668
18.67
18.671
18.673
18.675
18.677
18.679
18.68
18.682
18.684
18.686
18.688
18.689
18.691
18.693
18.695
18.697
18.698
18.7
18.702
18.704
18.706
18.707
18.709
18.711
18.713
18.715
18.716
18.718
18.72
18.722
18.724
18.725
18.727
18.729
18.731
18.733
18.734
18.736
18.738
18.74
18.742
18.743
18.745
18.747
18.749
18.751
18.752
18.754
18.756
18.758
18.76
18.761
18.763
18.765
18.767
18.769
18.77
18.772
18.774
18.776
18.778
18.779
18.781
18.783
18.785
18.787
18.788
18.79
18.792
18.794
18.796
18.797
18.799
18.801
18.803
18.805
18.806
18.808
18.81
18.812
18.814
18.815
18.817
18.819
18.821
18.823
18.824
18.826
18.828
18.83
18.832
18.833
18.835
18.837
18.839
18.841
18.842
18.844
18.846
18.848
18.85
18.851
18.853
18.855
18.857
18.859
18.86
18.862
18.864
18.866
18.868
18.869
18.871
18.873
18.875
18.877
18.878
18.88
18.882
18.884
18.886
18.887
18.889
18.891
18.893
18.895
18.896
18.898
18.9
18.902
18.904
18.905
18.907
18.909
18.911
18.913
18.914
18.916
18.918
18.92
18.922
18.923
18.925
18.927
18.929
18.931
18.932
18.934
18.936
18.938
18.94
18.941
18.943
18.945
18.947
18.949
18.95
18.952
18.954
18.956
18.958
18.959
18.961
18.963
18.965
18.967
18.968
18.97
18.972
18.974
18.976
18.977
18.979
18.981
18.983
18.985
18.986
18.988
18.99
18.992
18.994
18.995
18.997
18.999
19.001
19.003
19.004
19.006
19.008
19.01
19.012
19.013
19.015
19.017
19.019
19.021
19.022
19.024
19.026
19.028
19.03
19.031
19.033
19.035
19.037
19.039
19.04
19.042
19.044
19.046
19.048
19.049
19.051
19.053
19.055
19.057
19.058
19.06
19.062
19.064
19.066
19.067
19.069
19.071
19.073
19.075
19.076
19.078
19.08
19.082
19.084
19.085
19.087
19.089
19.091
19.093
19.094
19.096
19.098
19.1
19.102
19.103
19.105
19.107
19.109
19.111
19.112
19.114
19.116
19.118
19.12
19.121
19.123
19.125
19.127
19.129
19.13
19.132
19.134
19.136
19.138
19.139
19.141
19.143
19.145
19.147
19.148
19.15
19.152
19.154
19.156
19.157
19.159
19.161
19.163
19.165
19.166
19.168
19.17
19.172
19.174
19.175
19.177
19.179
19.181
19.183
19.184
19.186
19.188
19.19
19.192
19.193
19.195
19.197
19.199
19.201
19.202
19.204
19.206
19.208
19.21
19.211
19.213
19.215
19.217
19.219
19.22
19.222
19.224
19.226
19.228
19.229
19.231
19.233
19.235
19.237
19.238
19.24
19.242
19.244
19.246
19.247
19.249
19.251
19.253
19.255
19.256
19.258
19.26
19.262
19.264
19.265
19.267
19.269
19.271
19.273
19.274
19.276
19.278
19.28
19.282
19.283
19.285
19.287
19.289
19.291
19.292
19.294
19.296
19.298
19.3
19.301
19.303
19.305
19.307
19.309
19.31
19.312
19.314
19.316
19.318
19.319
19.321
19.323
19.325
19.327
19.328
19.33
19.332
19.334
19.336
19.337
19.339
19.341
19.343
19.345
19.346
19.348
19.35
19.352
19.354
19.355
19.357
19.359
19.361
19.363
19.364
19.366
19.368
19.37
19.372
19.373
19.375
19.377
19.379
19.381
19.382
19.384
19.386
19.388
19.39
19.391
19.393
19.395
19.397
19.399
19.4
19.402
19.404
19.406
19.408
19.409
19.411
19.413
19.415
19.417
19.418
19.42
19.422
19.424
19.426
19.427
19.429
19.431
19.433
19.435
19.436
19.438
19.44
19.442
19.444
19.445
19.447
19.449
19.451
19.453
19.454
19.456
19.458
19.46
19.462
19.463
19.465
19.467
19.469
19.471
19.472
19.474
19.476
19.478
19.48
19.481
19.483
19.485
19.487
19.489
19.49
19.492
19.494
19.496
19.498
19.499
19.501
19.503
19.505
19.507
19.508
19.51
19.512
19.514
19.516
19.517
19.519
19.521
19.523
19.525
19.526
19.528
19.53
19.532
19.534
19.535
19.537
19.539
19.541
19.543
19.544
19.546
19.548
19.55
19.552
19.553
19.555
19.557
19.559
19.561
19.562
19.564
19.566
19.568
19.57
19.571
19.573
19.575
19.577
19.579
19.58
19.582
19.584
19.586
19.588
19.589
19.591
19.593
19.595
19.597
19.598
19.6
19.602
19.604
19.606
19.607
19.609
19.611
19.613
19.615
19.616
19.618
19.62
19.622
19.624
19.625
19.627
19.629
19.631
19.633
19.634
19.636
19.638
19.64
19.642
19.643
19.645
19.647
19.649
19.651
19.652
19.654
19.656
19.658
19.66
19.661
19.663
19.665
19.667
19.669
19.67
19.672
19.674
19.676
19.678
19.679
19.681
19.683
19.685
19.687
19.688
19.69
19.692
19.694
19.696
19.697
19.699
19.701
19.703
19.705
19.706
19.708
19.71
19.712
19.714
19.715
19.717
19.719
19.721
19.723
19.724
19.726
19.728
19.73
19.732
19.733
19.735
19.737
19.739
19.741
19.742
19.744
19.746
19.748
19.75
19.751
19.753
19.755
19.757
19.759
19.76
19.762
19.764
19.766
19.768
19.769
19.771
19.773
19.775
19.777
19.778
19.78
19.782
19.784
19.786
19.787
19.789
19.791
19.793
19.795
19.796
19.798
19.8
19.802
19.804
19.805
19.807
19.809
19.811
19.813
19.814
19.816
19.818
19.82
19.822
19.823
19.825
19.827
19.829
19.831
19.832
19.834
19.836
19.838
19.84
19.841
19.843
19.845
19.847
19.849
19.85
19.852
19.854
19.856
19.858
19.859
19.861
19.863
19.865
19.867
19.868
19.87
19.872
19.874
19.876
19.877
19.879
19.881
19.883
19.885
19.886
19.888
19.89
19.892
19.894
19.895
19.897
19.899
19.901
19.903
19.904
19.906
19.908
19.91
19.912
19.913
19.915
19.917
19.919
19.921
19.922
19.924
19.926
19.928
19.93
19.931
19.933
19.935
19.937
19.939
19.94
19.942
19.944
19.946
19.948
19.949
19.951
19.953
19.955
19.957
19.958
19.96
19.962
19.964
19.966
19.967
19.969
19.971
19.973
19.975
19.976
19.978
19.98
19.982
19.984
19.985
19.987
19.989
19.991
19.993
19.994
19.996
19.998
